15.5675 19.7815 9.736500000000001 4.046 1.0074 1.742 1.754 1.9609999999999999
15.4205 19.365 9.9325 4.1240000000000006 1.0099 1.7000000000000002 1.766 2.021
15.347 19.5365 9.8835 4.114 1.008 1.7449999999999999 1.793 2.0300000000000002
15.248999999999999 20.2225 9.761 4.062 1.0089 1.805 1.811 2.0
15.4205 19.463 9.9325 4.112 1.0124 1.826 1.799 1.9729999999999999
15.273499999999999 19.7325 9.736500000000001 4.1240000000000006 1.0102 1.823 1.82 2.027
15.3225 19.7815 9.761 4.146 1.0087 1.844 1.832 1.964
15.101999999999999 19.61 9.859 4.178 1.0125 1.829 1.808 1.9820000000000002
15.3715 19.806 10.104000000000001 4.122 1.0157 1.835 1.799 1.943
15.3715 19.61 9.9325 4.1080000000000005 1.0126 1.832 1.82 2.021
15.3225 20.1245 9.761 4.086 1.0133 1.814 1.802 1.976
15.347 19.7815 9.638499999999999 4.074 1.0108 1.754 1.772 1.991
15.3225 19.806 9.8835 4.112 1.0098 1.832 1.811 1.988
15.1755 19.879500000000004 9.761 4.082 1.0074 1.817 1.826 2.0300000000000002
15.4205 19.708000000000002 10.0795 4.172 1.0156 1.79 1.787 1.9939999999999998
15.0775 19.5365 9.859 4.202 1.0164 1.835 1.808 1.988
15.6655 19.61 9.9325 4.066 1.0083 1.775 1.787 1.9849999999999999
15.6165 19.512 9.8345 4.074 1.0085 1.805 1.802 1.976
15.2 19.806 9.638499999999999 4.078 1.0096 1.76 1.754 1.9489999999999998
15.0775 19.61 9.516 4.214 1.0135 1.847 1.832 1.979
15.0775 19.9775 9.712 4.166 1.0166 1.76 1.754 1.967
15.592 19.6835 9.761 3.984 1.0044 1.856 1.835 1.9699999999999998
15.0775 19.6835 9.908 4.13 1.0053 1.748 1.766 1.9699999999999998
15.4695 19.5855 9.859 4.07 1.0096 1.7149999999999999 1.751 1.991
15.347 19.6835 9.859 4.084 1.0102 1.811 1.817 2.024
15.4205 19.879500000000004 9.785499999999999 4.066 1.0102 1.748 1.787 2.024
15.395999999999999 19.806 10.055 4.16 1.0158 1.7149999999999999 1.778 2.033
15.592 19.708000000000002 9.8835 4.036 1.0086 1.748 1.754 1.9580000000000002
15.298 19.953000000000003 9.8345 4.1240000000000006 1.0146 1.841 1.826 2.027
15.224499999999999 20.026500000000002 9.8345 4.078 1.0102 1.832 1.817 2.0
15.5185 19.2425 9.736500000000001 4.068 1.0083 1.742 1.793 2.033
15.494 19.9285 9.8345 4.074 1.0079 1.736 1.748 1.943
15.5675 19.6835 9.736500000000001 4.008 1.0115 1.793 1.766 1.9489999999999998
15.052999999999999 19.5855 10.226500000000001 4.1899999999999995 1.0133 1.754 1.763 1.9849999999999999
15.224499999999999 19.8305 9.8345 4.118 1.0103 1.694 1.757 2.0
15.2 19.8305 9.859 4.16 1.0133 1.7449999999999999 1.757 1.967
15.0775 19.708000000000002 9.785499999999999 4.178 1.0130000000000001 1.856 1.847 2.021
15.6165 19.4875 9.908 4.064 1.0081 1.775 1.787 1.9939999999999998
14.955 20.2225 9.8345 4.214 1.0167 1.748 1.757 1.964
15.395999999999999 19.904 9.957 4.106 1.0101 1.784 1.775 1.943
15.6655 19.61 9.785499999999999 4.098 1.0063 1.799 1.796 1.9699999999999998
15.5185 19.463 10.153 4.17 1.0128 1.853 1.841 1.9969999999999999
15.0285 20.345 9.8345 4.04 1.0079 1.817 1.823 2.021
15.3715 19.634500000000003 10.006 4.194 1.0154 1.748 1.772 1.9969999999999999
15.347 19.7815 9.761 4.046 1.0036 1.793 1.802 2.021
15.4205 19.61 9.663 4.082 1.0122 1.754 1.76 1.967
15.5185 19.316 9.908 4.066 1.0112 1.766 1.793 2.033
15.543 19.8305 9.761 4.058 1.0104 1.79 1.793 2.003
15.0285 19.879500000000004 9.908 4.072 1.0108 1.856 1.838 1.9939999999999998
15.3715 19.806 9.8345 4.054 1.0091 1.808 1.805 1.988
15.004 19.438499999999998 10.0305 4.144 1.0133 1.829 1.796 1.943
15.4205 19.953000000000003 9.9325 4.068 1.008 1.844 1.85 2.036
15.395999999999999 19.561 9.663 4.088 1.0074 1.76 1.766 1.967
15.1755 20.247000000000003 9.908 4.104 1.0094 1.784 1.784 1.979
15.0285 19.5855 9.81 4.192 1.0154 1.799 1.808 2.033
15.4695 19.806 9.81 4.1259999999999994 1.0143 1.7389999999999999 1.754 1.964
15.395999999999999 19.414 9.81 4.17 1.0159 1.835 1.817 2.0060000000000002
15.641 19.659 9.8835 4.058 1.0113 1.856 1.835 1.9969999999999999
15.445 19.806 10.006 4.114 1.0108 1.814 1.805 2.0
15.052999999999999 19.7325 9.712 4.16 1.0145 1.865 1.835 1.976
15.543 19.0955 9.81 4.16 1.0147 1.859 1.844 2.021
15.248999999999999 19.659 9.81 4.084 1.0096 1.757 1.754 1.9609999999999999
15.0285 19.7325 9.638499999999999 4.204 1.0171000000000001 1.832 1.82 2.024
15.4205 19.5855 9.81 4.062 1.0072 1.6880000000000002 1.751 1.991
15.395999999999999 19.512 9.859 4.04 1.0063 1.772 1.757 1.952
15.273499999999999 19.708000000000002 9.761 4.1240000000000006 1.0118 1.817 1.799 1.967
15.445 19.757 10.006 4.08 1.0128 1.769 1.793 2.033
15.224499999999999 20.173500000000004 9.81 4.032 1.0045 1.859 1.835 1.9820000000000002
15.592 19.659 9.8345 4.088 1.0121 1.751 1.784 2.024
15.445 19.561 9.8345 4.202 1.014 1.6909999999999998 1.757 2.0
15.543 19.1935 9.81 4.11 1.0131000000000001 1.826 1.802 1.9729999999999999
15.004 20.026500000000002 9.9815 4.16 1.0123 1.706 1.73 1.955
15.3225 20.002000000000002 9.957 4.018 1.006 1.826 1.82 2.021
15.3715 19.4875 9.8345 4.082 1.0087 1.757 1.784 2.021
15.494 19.5365 10.1285 4.094 1.0099 1.772 1.763 1.9699999999999998
15.395999999999999 19.414 9.736500000000001 4.088 1.0099 1.79 1.811 2.0300000000000002
15.101999999999999 20.002000000000002 9.663 4.172 1.0113 1.766 1.799 2.036
15.224499999999999 19.953000000000003 9.81 4.15 1.0178 1.718 1.769 2.027
15.0775 19.7815 10.104000000000001 4.082 1.0103 1.826 1.829 2.051
15.641 20.0755 9.785499999999999 4.056 1.0071 1.808 1.814 2.0
15.052999999999999 19.8305 9.6875 4.23 1.0156 1.802 1.82 2.036
15.5185 19.806 9.81 4.0440000000000005 1.0061 1.799 1.802 1.9729999999999999
15.347 19.5365 10.006 4.084 1.0093 1.826 1.811 1.9849999999999999
15.3715 19.4875 9.859 4.154 1.0147 1.781 1.784 1.9820000000000002
15.298 19.806 9.712 4.068 1.0072 1.814 1.808 1.9729999999999999
15.4695 19.414 9.908 4.132 1.0154 1.85 1.844 2.003
15.0775 19.561 9.81 4.172 1.0087 1.7389999999999999 1.748 1.94
15.248999999999999 19.634500000000003 9.663 4.198 1.0162 1.685 1.778 2.033
14.955 20.296000000000003 9.81 4.1739999999999995 1.0170000000000001 1.766 1.754 1.9580000000000002
15.0285 19.561 9.8835 4.132 1.0087 1.7449999999999999 1.769 1.9939999999999998
15.0285 19.659 9.8345 4.156 1.0073 1.694 1.7269999999999999 1.9580000000000002
15.3225 19.5365 9.908 4.13 1.0154 1.865 1.844 2.018
15.4695 19.365 9.736500000000001 4.094 1.0098 1.766 1.799 2.045
15.395999999999999 19.7325 10.006 4.1080000000000005 1.0127 1.7149999999999999 1.751 1.9729999999999999
15.273499999999999 19.953000000000003 9.8345 4.072 1.0111 1.823 1.811 1.988
15.0775 19.953000000000003 9.6875 4.13 1.0091 1.844 1.856 2.057
15.395999999999999 19.340500000000002 9.8345 4.08 1.0087 1.79 1.784 1.976
15.151 19.904 9.712 4.12 1.0084 1.796 1.793 1.9489999999999998
15.3715 19.904 9.859 4.0600000000000005 1.0061 1.685 1.7269999999999999 1.952
15.3225 19.708000000000002 9.957 4.082 1.0099 1.79 1.793 2.003
15.052999999999999 19.9775 9.736500000000001 4.146 1.0073 1.85 1.847 2.0300000000000002
15.298 19.7325 9.957 4.1739999999999995 1.0136 1.757 1.769 1.9820000000000002
15.543 19.806 9.908 4.0440000000000005 1.0064 1.742 1.802 2.057
15.4695 19.904 9.761 4.026 1.008 1.7449999999999999 1.748 1.943
15.5675 19.340500000000002 9.859 4.0440000000000005 1.0078 1.817 1.82 2.018
15.347 19.708000000000002 9.9325 4.132 1.0125 1.793 1.817 2.06
15.494 19.7815 9.81 4.058 1.0083 1.7449999999999999 1.766 1.991
15.298 20.1245 9.859 4.072 1.0082 1.751 1.757 1.9459999999999997
15.347 20.1 9.9815 4.14 1.0144 1.787 1.787 1.9969999999999999
15.3225 19.561 9.8345 4.086 1.0114 1.814 1.796 1.9340000000000002
15.0775 19.879500000000004 9.908 4.08 1.0081 1.829 1.817 2.021
15.298 19.438499999999998 9.8835 4.17 1.0171000000000001 1.7149999999999999 1.766 2.021
15.0285 19.806 9.663 4.148 1.0067 1.754 1.778 2.0
15.347 19.5365 9.957 4.16 1.016 1.772 1.769 1.9699999999999998
15.1755 19.7325 9.81 4.172 1.0150000000000001 1.826 1.817 2.0
15.0775 19.659 9.516 4.128 1.0081 1.775 1.772 1.952
15.248999999999999 20.1 9.8835 4.0760000000000005 1.0098 1.754 1.763 1.967
15.395999999999999 19.9285 9.9325 4.072 1.0085 1.751 1.781 2.0
15.4695 19.879500000000004 9.736500000000001 4.084 1.0087 1.847 1.838 1.988
15.0775 19.659 9.6875 4.1739999999999995 1.0094 1.805 1.811 1.808
14.979499999999998 19.806 9.614 4.196 1.0142 1.823 1.814 1.9939999999999998
15.592 19.708000000000002 9.81 4.074 1.0087 1.769 1.772 1.9459999999999997
15.248999999999999 19.855 9.957 4.072 1.0118 1.7209999999999999 1.724 1.952
15.4205 19.5365 9.908 4.112 1.0125 1.76 1.751 1.943
15.445 19.9285 9.761 4.08 1.0101 1.778 1.778 1.967
15.273499999999999 20.1 9.8835 4.162 1.0166 1.709 1.7449999999999999 1.9849999999999999
15.004 20.002000000000002 9.785499999999999 4.122 1.0086 1.784 1.775 1.9609999999999999
15.395999999999999 20.002000000000002 9.761 4.0600000000000005 1.0117 1.853 1.835 1.976
15.347 19.7325 9.957 4.09 1.0071 1.853 1.835 1.9580000000000002
15.3715 19.61 9.638499999999999 4.086 1.0056 1.763 1.769 1.9820000000000002
15.298 19.634500000000003 9.957 4.212 1.0136 1.769 1.778 1.976
15.5185 19.5855 10.153 4.106 1.0064 1.778 1.805 2.036
15.052999999999999 19.904 9.8345 4.184 1.0183 1.823 1.811 2.0060000000000002
15.298 19.855 9.785499999999999 4.014 1.0043 1.826 1.82 2.015
15.004 20.002000000000002 9.8345 4.164 1.0151000000000001 1.817 1.79 1.955
15.395999999999999 19.561 9.614 4.078 1.0095 1.775 1.772 1.94
15.445 19.9775 9.9815 4.014 1.0075 1.778 1.778 2.015
15.4695 19.879500000000004 9.908 4.088 1.0105 1.754 1.751 1.943
15.126499999999998 19.61 9.8345 4.182 1.0117 1.811 1.799 1.967
15.3715 19.414 9.785499999999999 4.208 1.0156 1.742 1.754 1.964
15.052999999999999 19.757 9.638499999999999 4.214 1.0154 1.6909999999999998 1.736 1.9729999999999999
15.347 19.659 9.957 4.106 1.012 1.787 1.796 2.018
15.052999999999999 19.7325 9.614 4.088 1.0050000000000001 1.769 1.772 1.964
15.273499999999999 19.634500000000003 9.9815 4.046 1.0068 1.838 1.835 2.057
15.298 19.806 9.9815 4.17 1.0139 1.784 1.814 2.057
15.543 19.4875 10.1285 4.172 1.0150000000000001 1.7030000000000003 1.724 1.9369999999999998
15.4695 19.414 9.736500000000001 4.138 1.0163 1.826 1.796 1.943
15.5185 19.855 9.712 4.086 1.0108 1.823 1.814 1.9849999999999999
15.0285 19.8305 9.8345 4.0600000000000005 1.0068 1.772 1.778 1.991
15.543 19.806 9.663 4.058 1.0087 1.7389999999999999 1.79 2.027
15.4695 19.659 9.8835 4.088 1.0121 1.706 1.73 1.955
15.052999999999999 19.7815 9.785499999999999 4.188 1.0152 1.859 1.844 2.0300000000000002
15.0285 20.541 9.9815 4.084 1.0079 1.736 1.775 2.0
15.395999999999999 20.026500000000002 9.785499999999999 4.078 1.0134 1.709 1.7449999999999999 1.988
15.494 19.7815 9.957 4.114 1.0162 1.6790000000000003 1.724 1.9459999999999997
15.543 19.659 10.055 4.134 1.0168 1.826 1.793 1.9489999999999998
15.0285 19.9775 9.5405 4.09 1.0071 1.805 1.796 1.9609999999999999
15.4695 19.659 10.0305 4.114 1.0112 1.709 1.724 1.9489999999999998
15.273499999999999 19.879500000000004 9.9815 4.102 1.0159 1.766 1.772 2.003
15.0775 20.198 9.467 4.154 1.0114 1.823 1.805 1.9849999999999999
15.052999999999999 19.8305 9.785499999999999 4.17 1.0115 1.781 1.799 2.012
15.298 19.414 9.957 4.0120000000000005 1.0054 1.82 1.832 2.048
15.347 19.659 9.8345 4.1419999999999995 1.0130000000000001 1.823 1.811 2.0
15.248999999999999 20.026500000000002 9.9325 4.102 1.0137 1.775 1.793 2.036
15.1755 19.855 9.736500000000001 4.03 1.0072 1.769 1.787 2.024
15.248999999999999 20.1 9.712 4.042 1.0092 1.817 1.808 1.976
15.3715 19.855 9.957 4.0920000000000005 1.0094 1.775 1.781 2.009
15.347 19.438499999999998 9.8345 4.12 1.0127 1.706 1.769 2.021
15.5675 19.757 10.226500000000001 4.098 1.0132 1.7149999999999999 1.7449999999999999 1.9820000000000002
15.052999999999999 20.0755 9.785499999999999 4.112 1.0069 1.814 1.808 2.009
15.347 19.8305 9.761 4.08 1.0098 1.85 1.847 2.018
15.052999999999999 19.561 9.8345 4.144 1.0134 1.868 1.832 1.9609999999999999
15.248999999999999 19.806 9.8345 4.072 1.0094 1.766 1.751 1.9369999999999998
15.494 19.1935 9.785499999999999 4.198 1.0174 1.7030000000000003 1.79 2.0540000000000003
15.592 19.6835 9.908 4.056 1.0066 1.772 1.793 2.0
15.445 19.438499999999998 9.81 4.096 1.008 1.751 1.763 1.9609999999999999
15.2 19.9775 9.81 4.086 1.0092 1.6909999999999998 1.73 1.955
15.2 19.879500000000004 9.8345 4.104 1.0125 1.832 1.808 1.991
15.347 20.0755 9.736500000000001 4.066 1.0118 1.754 1.775 2.012
15.298 19.757 9.6875 4.208 1.0183 1.763 1.796 2.033
15.6655 20.173500000000004 9.785499999999999 4.11 1.0167 1.7449999999999999 1.763 1.976
15.592 19.6835 10.251000000000001 4.13 1.0127 1.76 1.772 1.9969999999999999
14.979499999999998 19.879500000000004 9.9325 4.198 1.0171000000000001 1.7120000000000002 1.724 1.955
15.151 20.1 9.8835 4.144 1.0135 1.781 1.805 2.036
15.4205 20.051000000000002 9.712 4.078 1.0076 1.844 1.847 2.036
15.1755 19.8305 9.859 4.134 1.0093 1.754 1.757 1.9459999999999997
15.0775 19.806 9.638499999999999 4.1 1.0089 1.778 1.799 2.024
15.273499999999999 19.8305 9.859 4.112 1.0098 1.82 1.799 1.9340000000000002
15.2 19.634500000000003 9.8835 4.204 1.0142 1.682 1.7269999999999999 1.952
15.0285 19.9285 9.9325 4.148 1.0101 1.79 1.772 1.9459999999999997
15.3225 19.7815 9.565 4.056 1.0094 1.802 1.814 2.009
15.445 19.9285 9.8345 4.098 1.0147 1.862 1.841 2.021
15.445 19.463 9.663 4.106 1.0067 1.781 1.781 1.9729999999999999
15.347 19.879500000000004 10.0795 4.106 1.0137 1.757 1.748 1.9459999999999997
15.4695 19.806 9.712 4.064 1.0075 1.772 1.781 1.967
15.4695 19.659 9.8345 4.066 1.0116 1.784 1.805 2.027
15.5675 19.267 9.957 4.14 1.0137 1.787 1.784 1.9849999999999999
15.4695 19.6835 9.8835 4.036 1.0101 1.823 1.817 2.024
15.5675 19.8305 9.761 4.0600000000000005 1.0101 1.757 1.757 1.955
15.347 19.4875 9.761 4.128 1.01 1.757 1.781 2.0
15.0775 20.2225 9.908 4.066 1.0066 1.769 1.769 1.952
15.3715 19.708000000000002 9.785499999999999 4.098 1.0083 1.85 1.835 1.979
15.494 19.340500000000002 9.859 4.104 1.0102 1.706 1.724 1.952
15.395999999999999 19.365 10.006 4.116 1.0056 1.76 1.754 1.9489999999999998
15.445 19.879500000000004 9.761 4.118 1.0157 1.808 1.82 2.018
15.347 19.9285 9.9325 4.082 1.0088 1.823 1.802 1.9699999999999998
15.4695 19.806 10.0795 4.098 1.0111 1.7030000000000003 1.748 1.9939999999999998
15.052999999999999 20.1245 9.638499999999999 4.236 1.0151000000000001 1.811 1.823 2.027
15.4205 19.365 9.9815 4.13 1.0123 1.7149999999999999 1.7389999999999999 1.976
15.298 19.7815 9.736500000000001 4.146 1.0121 1.859 1.829 1.955
15.052999999999999 19.9285 9.736500000000001 4.168 1.0155 1.763 1.769 1.991
15.5185 19.7815 10.1285 4.102 1.0138 1.82 1.793 1.9580000000000002
15.5675 19.340500000000002 9.81 4.1080000000000005 1.0119 1.757 1.808 2.0540000000000003
15.151 19.8305 9.908 4.102 1.0077 1.787 1.787 1.988
15.445 20.1 10.1285 4.082 1.0118 1.802 1.778 1.967
15.592 19.61 9.859 4.058 1.0096 1.817 1.82 2.024
15.3715 19.7815 10.006 4.072 1.0116 1.775 1.796 2.027
15.0775 19.806 10.006 4.062 1.0062 1.865 1.838 1.988
15.445 19.365 9.8345 4.194 1.0176 1.817 1.802 1.952
14.9305 20.247000000000003 9.8345 4.09 1.0084 1.754 1.766 1.9849999999999999
15.494 19.855 9.8345 4.12 1.0121 1.769 1.769 1.9699999999999998
15.592 19.144499999999997 9.9325 4.11 1.0121 1.82 1.799 1.9609999999999999
15.052999999999999 19.463 9.81 4.138 1.007 1.754 1.757 1.778
15.543 19.7325 9.712 4.066 1.0102 1.817 1.811 1.9849999999999999
15.837 19.144499999999997 9.736500000000001 4.096 1.0132 1.754 1.763 1.9820000000000002
15.248999999999999 19.855 9.8345 4.148 1.0146 1.79 1.778 1.967
15.445 19.512 9.81 4.1419999999999995 1.0131000000000001 1.775 1.778 1.976
15.4205 19.659 9.859 4.1 1.0131000000000001 1.823 1.796 1.9489999999999998
15.3715 19.5855 9.8835 4.182 1.0146 1.748 1.751 1.9369999999999998
15.0285 19.879500000000004 9.859 4.0440000000000005 1.0073 1.802 1.79 1.991
15.0775 19.5855 9.859 4.136 1.0059 1.7449999999999999 1.772 1.991
15.298 19.806 9.9815 4.12 1.0097 1.748 1.7449999999999999 1.952
15.5675 19.757 9.761 4.0280000000000005 1.0066 1.7449999999999999 1.757 1.964
15.347 20.026500000000002 9.81 4.088 1.0132 1.817 1.799 1.9729999999999999
15.248999999999999 20.198 9.9325 4.052 1.0097 1.781 1.79 2.0
15.3225 19.708000000000002 9.81 4.02 1.0059 1.823 1.814 2.021
15.3225 20.442999999999998 10.055 4.022 1.0049 1.766 1.766 1.9729999999999999
15.004 20.051000000000002 9.712 4.13 1.0097 1.775 1.787 1.991
15.494 19.4875 9.8835 4.136 1.0154 1.793 1.79 2.0060000000000002
15.347 19.5365 10.006 4.08 1.008 1.856 1.847 2.024
15.273499999999999 19.7325 9.8835 4.18 1.0170000000000001 1.763 1.766 1.979
15.0775 19.8305 9.589500000000001 4.12 1.0137 1.763 1.787 2.024
15.248999999999999 20.2225 9.81 4.128 1.0159 1.772 1.808 2.0300000000000002
15.3715 20.1245 9.736500000000001 4.08 1.0104 1.811 1.799 1.967
15.445 19.463 10.0305 4.112 1.0126 1.826 1.802 1.9580000000000002
15.4205 19.5855 9.8345 4.1739999999999995 1.0143 1.7030000000000003 1.724 1.943
15.3715 19.512 9.908 4.112 1.0096 1.868 1.847 2.027
15.494 19.3895 9.81 4.0760000000000005 1.0083 1.7449999999999999 1.769 1.9820000000000002
15.4205 19.438499999999998 9.8835 4.122 1.01 1.7449999999999999 1.769 1.9969999999999999
15.5675 19.9285 9.8345 4.018 1.0111 1.772 1.754 1.9369999999999998
15.6165 19.7325 9.8345 4.03 1.0094 1.862 1.832 1.9580000000000002
15.395999999999999 19.6835 9.957 4.15 1.0163 1.7120000000000002 1.7389999999999999 1.976
15.0285 19.61 9.908 4.128 1.0044 1.6880000000000002 1.724 1.952
15.3715 19.7815 9.957 4.1 1.0095 1.817 1.802 1.979
15.347 19.4875 9.957 4.074 1.0108 1.778 1.757 1.943
15.224499999999999 20.051000000000002 9.9815 4.026 1.0041 1.823 1.811 2.0060000000000002
15.052999999999999 19.953000000000003 9.6875 4.12 1.0112 1.811 1.808 2.0060000000000002
15.5185 19.3895 9.9815 4.168 1.0164 1.781 1.778 1.9580000000000002
15.395999999999999 19.659 9.859 4.116 1.0135 1.826 1.823 2.0300000000000002
15.4205 20.051000000000002 9.785499999999999 4.036 1.0055 1.802 1.808 1.9939999999999998
15.273499999999999 20.1245 9.785499999999999 4.08 1.0101 1.742 1.754 1.967
15.298 19.855 9.859 4.102 1.0072 1.6909999999999998 1.793 2.0540000000000003
15.347 19.634500000000003 9.957 4.13 1.0108 1.814 1.808 1.991
15.347 19.5365 9.8345 4.122 1.0135 1.796 1.781 1.9699999999999998
15.298 20.051000000000002 9.9325 4.116 1.009 1.85 1.832 1.9580000000000002
15.347 19.659 9.859 4.1579999999999995 1.0169 1.862 1.835 1.9820000000000002
15.5185 19.561 10.1285 4.136 1.0138 1.706 1.766 2.012
15.298 20.345 9.736500000000001 4.036 1.0087 1.775 1.781 1.976
15.445 19.7815 9.859 4.052 1.0094 1.7000000000000002 1.73 1.955
15.224499999999999 19.61 9.908 4.1 1.0101 1.823 1.796 1.9609999999999999
15.4695 19.9775 9.736500000000001 4.068 1.0106 1.751 1.754 1.943
15.3225 19.61 9.859 4.098 1.0091 1.826 1.805 1.976
15.3225 19.5855 9.81 4.132 1.014 1.823 1.814 2.015
15.445 19.7815 9.8345 4.032 1.0084 1.85 1.838 1.9820000000000002
15.052999999999999 20.051000000000002 9.761 4.098 1.0043 1.7389999999999999 1.754 1.955
15.592 19.267 9.81 4.094 1.0106 1.796 1.778 1.9699999999999998
15.273499999999999 19.9285 9.785499999999999 4.0600000000000005 1.0065 1.772 1.799 2.018
15.445 19.5855 9.957 4.112 1.0103 1.754 1.769 1.991
15.101999999999999 19.855 9.565 4.132 1.0078 1.841 1.841 2.018
15.445 19.7325 10.0795 4.08 1.0071 1.82 1.811 1.991
15.395999999999999 19.414 9.785499999999999 4.0920000000000005 1.0073 1.775 1.814 2.0540000000000003
15.4695 19.61 9.9325 4.134 1.011 1.682 1.766 2.024
15.3225 20.0755 10.0795 4.102 1.0108 1.7449999999999999 1.769 1.9729999999999999
15.2 19.9285 9.859 4.1739999999999995 1.0141 1.7030000000000003 1.778 2.036
15.347 19.806 10.0305 4.0280000000000005 1.0058 1.832 1.811 2.0
15.395999999999999 19.634500000000003 9.957 4.15 1.0170000000000001 1.829 1.805 1.955
15.3225 19.438499999999998 9.6875 4.094 1.0071 1.808 1.817 2.018
15.445 19.659 9.859 4.196 1.0158 1.748 1.787 2.021
15.0775 20.051000000000002 9.638499999999999 4.21 1.0153 1.784 1.778 1.9609999999999999
15.126499999999998 19.806 9.785499999999999 4.162 1.0097 1.781 1.793 2.0
15.0285 19.61 9.908 4.236 1.0152 1.85 1.832 1.9699999999999998
15.298 20.149 9.761 4.072 1.0081 1.847 1.835 1.9939999999999998
15.298 19.512 10.006 4.168 1.0150000000000001 1.6880000000000002 1.751 1.9939999999999998
15.298 19.8305 9.761 4.112 1.0061 1.748 1.754 1.9459999999999997
15.4695 19.8305 9.957 4.05 1.0077 1.754 1.769 1.9820000000000002
15.3715 19.512 9.957 4.018 1.0045 1.814 1.796 1.9580000000000002
15.592 19.708000000000002 9.8345 4.08 1.0134 1.79 1.79 1.9969999999999999
15.0285 19.6835 9.712 4.258 1.0169 1.766 1.796 2.0300000000000002
15.395999999999999 19.904 9.859 4.046 1.0064 1.7389999999999999 1.772 1.9969999999999999
15.5185 19.2915 9.8345 4.0600000000000005 1.0076 1.757 1.769 1.976
15.4205 19.267 9.761 4.118 1.0068 1.811 1.808 1.9849999999999999
15.4695 19.9775 9.859 4.0760000000000005 1.0091 1.7449999999999999 1.751 1.784
15.004 19.855 9.663 4.17 1.0134 1.799 1.778 1.9699999999999998
15.224499999999999 19.806 9.6875 4.112 1.0071 1.748 1.76 1.964
15.298 19.7325 9.9325 4.13 1.0098 1.817 1.817 2.0060000000000002
15.494 19.316 9.957 4.14 1.0152 1.76 1.772 1.9939999999999998
16.033 19.879500000000004 9.859 4.024 1.0051 1.76 1.781 2.003
15.298 20.2225 9.761 4.03 1.011 1.832 1.826 2.039
15.224499999999999 19.806 9.6875 4.086 1.0061 1.811 1.811 1.9969999999999999
15.151 20.149 9.957 4.182 1.0179 1.718 1.766 2.018
15.543 19.070999999999998 10.006 4.186 1.0147 1.802 1.805 2.009
15.347 19.4875 9.859 4.132 1.0095 1.685 1.724 1.952
15.4205 19.634500000000003 9.957 4.138 1.0150000000000001 1.7120000000000002 1.742 1.9729999999999999
15.6165 19.5855 9.908 4.084 1.0096 1.844 1.829 1.9489999999999998
15.298 19.6835 9.9325 4.11 1.0102 1.766 1.775 1.9849999999999999
15.347 20.051000000000002 9.859 4.084 1.0076 1.748 1.76 1.952
15.298 19.5855 10.006 4.14 1.0125 1.757 1.76 1.979
15.4695 19.7325 9.908 4.042 1.0069 1.778 1.793 1.9969999999999999
15.4205 19.806 9.8835 4.058 1.0057 1.808 1.814 1.9939999999999998
15.4205 19.757 10.0305 4.122 1.0085 1.778 1.796 2.021
15.298 19.4875 9.663 4.08 1.008 1.6909999999999998 1.7329999999999999 1.967
15.5185 19.8305 9.785499999999999 4.0760000000000005 1.0116 1.7000000000000002 1.754 1.9969999999999999
15.494 19.4875 9.9815 4.146 1.0142 1.817 1.802 1.943
15.3715 19.316 9.6875 4.084 1.008 1.853 1.832 1.967
15.5675 19.806 9.736500000000001 4.0920000000000005 1.0141 1.751 1.772 2.0060000000000002
15.0285 20.002000000000002 9.81 4.042 1.0073 1.766 1.754 1.9609999999999999
15.5675 19.9285 9.8345 4.036 1.0075 1.814 1.835 2.0540000000000003
15.543 19.7325 9.712 4.058 1.0059 1.808 1.811 1.9969999999999999
15.273499999999999 19.9775 9.785499999999999 4.066 1.0074 1.814 1.802 1.964
15.347 19.6835 9.81 4.172 1.0111 1.7389999999999999 1.748 1.955
15.004 19.7325 9.9325 4.204 1.0161 1.763 1.754 1.952
15.445 19.463 9.859 4.054 1.0075 1.799 1.82 2.036
15.4205 19.806 10.055 4.132 1.0171000000000001 1.775 1.769 1.976
15.2 19.61 9.6875 4.118 1.0116 1.853 1.841 1.991
15.347 19.340500000000002 9.8835 4.098 1.01 1.766 1.796 2.036
15.298 19.512 9.785499999999999 4.136 1.0137 1.763 1.766 1.9729999999999999
15.101999999999999 19.5365 9.908 4.148 1.0050000000000001 1.766 1.781 1.9729999999999999
15.1755 19.806 9.8345 4.15 1.0109 1.7030000000000003 1.778 2.036
15.0285 20.051000000000002 9.908 4.138 1.0122 1.79 1.793 2.0060000000000002
15.3225 19.953000000000003 9.9325 4.138 1.0131000000000001 1.787 1.793 2.003
15.5675 19.757 9.712 4.128 1.0182 1.811 1.814 2.018
15.4205 19.7325 9.908 4.144 1.0165 1.769 1.769 1.988
15.0775 19.61 9.8835 4.08 1.0106 1.784 1.787 1.9820000000000002
15.543 19.6835 9.761 4.074 1.0123 1.763 1.781 2.003
15.273499999999999 19.659 9.9325 4.16 1.0106 1.775 1.802 2.021
15.224499999999999 19.708000000000002 9.859 4.1419999999999995 1.0130000000000001 1.829 1.826 2.036
15.445 19.9285 9.712 4.0600000000000005 1.0088 1.85 1.832 1.9580000000000002
15.273499999999999 19.708000000000002 9.9325 4.218 1.0151000000000001 1.694 1.757 2.0
15.248999999999999 20.320500000000003 9.9815 4.072 1.0091 1.697 1.778 2.0300000000000002
15.052999999999999 19.659 9.736500000000001 4.17 1.0084 1.796 1.82 2.033
15.248999999999999 19.953000000000003 9.614 4.132 1.0173 1.778 1.781 1.9729999999999999
15.641 19.561 9.761 4.1 1.0108 1.7120000000000002 1.7329999999999999 1.967
15.0285 19.561 9.908 4.176 1.0094 1.6909999999999998 1.754 2.0
15.248999999999999 20.051000000000002 9.957 4.11 1.0131000000000001 1.79 1.79 2.0060000000000002
15.347 20.149 9.81 4.088 1.0082 1.847 1.835 1.9580000000000002
15.1755 20.296000000000003 9.712 4.09 1.0128 1.787 1.823 2.048
15.4205 19.953000000000003 9.81 4.0600000000000005 1.0089 1.775 1.781 1.9820000000000002
15.347 19.9775 9.9815 4.15 1.0179 1.796 1.79 2.0060000000000002
15.543 19.6835 9.736500000000001 4.09 1.0142 1.763 1.763 1.979
15.395999999999999 19.757 9.9325 4.182 1.0144 1.799 1.829 2.0540000000000003
15.101999999999999 19.5365 9.908 4.146 1.0139 1.769 1.76 1.955
15.0285 20.2715 9.859 4.208 1.0163 1.7449999999999999 1.787 2.018
15.298 19.806 9.8835 4.1259999999999994 1.0071 1.742 1.766 1.976
15.3225 19.757 9.81 4.1 1.0109 1.805 1.799 1.988
15.494 19.9285 9.8345 4.048 1.0097 1.748 1.751 1.94
15.3225 19.463 9.908 4.122 1.0144 1.823 1.82 2.024
15.052999999999999 19.438499999999998 9.712 4.1240000000000006 1.0095 1.862 1.835 1.979
15.494 19.561 9.9325 4.0760000000000005 1.011 1.796 1.775 1.9699999999999998
15.543 19.806 9.785499999999999 4.094 1.0137 1.826 1.799 1.952
15.101999999999999 19.904 9.785499999999999 4.1080000000000005 1.0102 1.772 1.757 1.952
15.3225 19.634500000000003 9.9325 4.166 1.0111 1.799 1.805 1.9939999999999998
15.3225 20.247000000000003 9.957 4.1419999999999995 1.0162 1.7449999999999999 1.763 1.9729999999999999
15.5675 19.7815 9.859 4.082 1.0099 1.7000000000000002 1.754 2.0060000000000002
15.3715 19.757 9.761 4.09 1.0094 1.805 1.799 1.976
15.2 19.879500000000004 9.908 4.218 1.0138 1.799 1.799 1.979
15.543 19.340500000000002 9.8345 4.148 1.0137 1.817 1.808 2.009
15.101999999999999 19.6835 9.785499999999999 4.228 1.0175 1.793 1.796 2.018
15.0775 19.7325 9.8345 4.162 1.0118 1.793 1.787 1.988
15.347 19.61 9.9325 4.05 1.0051 1.748 1.757 1.9699999999999998
15.3715 20.026500000000002 10.006 4.018 1.0061 1.868 1.841 2.003
15.298 19.4875 9.859 4.0920000000000005 1.0083 1.859 1.844 2.021
15.347 19.708000000000002 9.81 4.0760000000000005 1.0078 1.7449999999999999 1.79 2.042
15.224499999999999 20.1 9.8345 4.074 1.0077 1.802 1.799 1.943
15.1755 19.757 9.8345 4.172 1.0152 1.82 1.823 2.033
15.5675 19.365 9.859 4.052 1.008 1.7449999999999999 1.748 1.9459999999999997
15.347 19.6835 9.6875 4.08 1.0084 1.805 1.796 1.9489999999999998
15.4695 19.953000000000003 9.712 4.064 1.0069 1.772 1.82 2.0540000000000003
15.273499999999999 19.806 9.859 4.116 1.0111 1.793 1.784 1.979
15.052999999999999 19.757 9.6875 4.17 1.0131000000000001 1.766 1.763 1.979
15.641 19.659 9.8345 4.214 1.0184 1.757 1.775 2.009
15.0775 19.5855 9.859 4.154 1.0112 1.757 1.763 1.967
15.445 19.5365 9.9325 4.098 1.0123 1.829 1.814 1.988
15.3225 19.561 9.8835 4.1259999999999994 1.0123 1.76 1.763 1.9820000000000002
15.5675 19.7325 9.712 4.072 1.009 1.772 1.799 2.021
15.0285 20.002000000000002 9.908 4.152 1.0132 1.817 1.82 2.036
15.224499999999999 19.855 9.8345 4.1 1.0087 1.805 1.832 2.057
15.395999999999999 19.438499999999998 9.8835 4.104 1.0097 1.826 1.805 1.9849999999999999
15.273499999999999 19.634500000000003 9.8835 4.166 1.0133 1.757 1.76 1.967
15.101999999999999 20.002000000000002 9.6875 4.122 1.0121 1.859 1.835 1.9699999999999998
15.1755 19.879500000000004 9.957 4.066 1.0112 1.871 1.838 2.0
15.4205 19.561 9.8835 4.04 1.0087 1.781 1.799 2.0300000000000002
15.101999999999999 19.806 9.712 4.128 1.0087 1.766 1.769 1.976
15.494 19.757 9.81 4.058 1.0103 1.754 1.766 1.9699999999999998
15.298 19.463 9.908 4.136 1.0125 1.751 1.751 1.9459999999999997
15.4695 19.512 9.81 4.134 1.0077 1.769 1.781 1.988
15.6165 19.5855 9.785499999999999 4.046 1.0061 1.742 1.754 1.952
15.4205 19.438499999999998 9.8835 4.112 1.0144 1.772 1.763 1.976
15.395999999999999 19.8305 10.055 4.1 1.0109 1.781 1.787 2.0
15.69 18.826 9.8835 4.134 1.0123 1.754 1.748 1.943
15.494 19.855 9.785499999999999 4.04 1.0073 1.742 1.751 1.9459999999999997
15.395999999999999 19.5365 9.761 4.072 1.006 1.796 1.808 2.003
15.395999999999999 19.8305 10.055 4.078 1.008 1.82 1.832 2.051
15.0775 19.806 9.589500000000001 4.16 1.0103 1.805 1.82 2.0300000000000002
15.2 19.9775 9.9325 4.07 1.0095 1.862 1.832 1.9489999999999998
15.0285 19.904 9.957 4.162 1.0119 1.769 1.763 1.955
15.5185 19.12 9.761 4.164 1.0153 1.79 1.799 2.015
15.0285 19.414 9.908 4.242 1.0153 1.772 1.799 2.021
15.395999999999999 19.8305 10.006 4.184 1.0161 1.814 1.805 1.967
15.494 19.5365 10.0305 4.106 1.0115 1.823 1.814 1.9849999999999999
15.052999999999999 19.904 9.761 4.15 1.0074 1.811 1.814 1.9969999999999999
15.126499999999998 19.7815 9.5405 4.14 1.0094 1.6880000000000002 1.757 2.009
15.6165 20.173500000000004 10.1285 4.094 1.0137 1.7209999999999999 1.751 1.9939999999999998
15.4205 19.9285 10.153 4.1 1.0122 1.709 1.748 1.991
15.6165 19.4875 9.81 4.1579999999999995 1.0159 1.868 1.832 1.9699999999999998
15.445 19.4875 9.859 4.082 1.0097 1.766 1.757 1.955
15.5185 19.340500000000002 9.9815 4.182 1.0144 1.787 1.778 1.9609999999999999
15.052999999999999 19.61 10.055 4.202 1.0135 1.811 1.805 1.991
15.2 19.879500000000004 9.761 4.096 1.0056 1.805 1.793 1.952
15.0775 19.708000000000002 9.9815 4.2059999999999995 1.0136 1.751 1.772 1.9939999999999998
15.3715 19.61 9.908 4.102 1.0133 1.772 1.763 1.967
15.4695 19.414 9.9325 4.102 1.0088 1.784 1.781 1.967
15.0775 20.051000000000002 9.81 4.094 1.0084 1.748 1.775 2.0060000000000002
15.298 19.463 9.957 4.166 1.0168 1.871 1.844 2.021
15.395999999999999 19.879500000000004 10.0305 4.1259999999999994 1.0128 1.763 1.778 2.0
15.126499999999998 19.9775 9.8835 4.098 1.01 1.7149999999999999 1.79 2.051
15.4695 19.4875 9.9325 4.148 1.0162 1.868 1.841 2.012
15.052999999999999 19.757 9.663 4.096 1.0088 1.808 1.808 2.009
15.494 19.953000000000003 9.736500000000001 4.122 1.0197 1.766 1.79 2.009
15.4695 19.218 9.8345 4.116 1.0141 1.796 1.775 1.964
15.445 19.463 9.908 4.096 1.0083 1.778 1.775 1.967
15.0285 19.9775 9.8345 4.098 1.0083 1.814 1.808 2.003
15.0285 19.5855 9.859 4.16 1.0091 1.808 1.796 1.952
15.2 19.708000000000002 9.761 4.136 1.0105 1.781 1.784 1.979
15.1755 20.051000000000002 10.006 4.068 1.0088 1.7149999999999999 1.7449999999999999 1.9849999999999999
15.0285 19.953000000000003 9.614 4.13 1.0095 1.754 1.775 1.991
15.0285 19.9775 9.589500000000001 4.118 1.009 1.811 1.802 1.952
15.395999999999999 19.9285 9.859 4.062 1.0098 1.82 1.832 2.0540000000000003
15.3715 19.708000000000002 9.785499999999999 4.066 1.0122 1.787 1.79 2.009
15.052999999999999 19.634500000000003 9.736500000000001 4.134 1.0105 1.796 1.772 1.9459999999999997
15.494 19.855 9.8345 4.038 1.0063 1.814 1.826 2.0300000000000002
15.543 19.267 9.908 4.21 1.0153 1.754 1.796 2.027
15.052999999999999 20.026500000000002 9.785499999999999 4.104 1.0078 1.748 1.766 1.988
15.248999999999999 20.051000000000002 9.6875 4.14 1.0144 1.862 1.844 2.024
15.273499999999999 19.855 9.6875 4.104 1.0108 1.763 1.772 1.991
15.0285 19.8305 10.0305 4.194 1.0126 1.823 1.814 2.003
15.224499999999999 19.8305 9.736500000000001 4.068 1.008 1.685 1.766 2.0300000000000002
15.273499999999999 19.7815 9.8835 4.118 1.0053 1.772 1.817 2.057
15.543 19.708000000000002 10.0795 4.084 1.0114 1.766 1.784 2.018
15.347 19.414 9.589500000000001 4.1080000000000005 1.0168 1.781 1.769 1.9369999999999998
15.3225 19.414 9.9815 4.066 1.0094 1.817 1.808 2.003
15.3715 19.5365 9.9815 4.11 1.0102 1.832 1.835 2.057
15.0775 19.806 9.785499999999999 4.138 1.0076 1.823 1.814 2.0
15.273499999999999 19.6835 9.859 4.1579999999999995 1.0132 1.775 1.769 1.94
15.494 19.463 10.055 4.18 1.0158 1.742 1.751 1.9489999999999998
15.347 19.61 9.8835 4.1 1.0113 1.76 1.778 2.0060000000000002
15.4695 19.4875 9.957 4.08 1.0093 1.817 1.799 1.9609999999999999
15.347 19.5855 9.957 4.098 1.0136 1.865 1.841 2.009
15.6165 19.5365 9.761 4.046 1.0093 1.76 1.757 1.955
15.3715 19.463 9.8835 4.016 1.0044 1.823 1.814 2.0
15.0775 19.8305 9.712 4.1579999999999995 1.0081 1.805 1.808 2.0
15.395999999999999 20.026500000000002 9.785499999999999 4.038 1.0066 1.751 1.76 1.9609999999999999
15.2 20.002000000000002 9.9325 4.166 1.0158 1.775 1.793 1.9969999999999999
15.395999999999999 19.561 9.859 4.026 1.0061 1.832 1.799 1.9580000000000002
15.273499999999999 19.9775 9.785499999999999 4.204 1.0184 1.757 1.766 1.979
15.151 19.7325 9.8345 4.09 1.0106 1.796 1.784 1.9729999999999999
15.5675 19.904 9.8345 4.034 1.008 1.82 1.802 1.9609999999999999
15.347 19.953000000000003 9.785499999999999 4.056 1.0095 1.757 1.757 1.952
15.298 19.512 9.859 4.084 1.0091 1.754 1.778 1.991
15.3225 20.1 9.908 4.014 1.0086 1.766 1.76 1.955
15.5185 19.414 9.859 4.13 1.0179 1.784 1.769 1.952
15.494 19.8305 10.1285 4.114 1.0123 1.76 1.76 1.979
15.052999999999999 19.8305 9.736500000000001 4.2379999999999995 1.0163 1.808 1.814 2.003
15.3225 19.9285 9.859 4.084 1.0072 1.751 1.781 2.009
15.543 19.316 9.81 4.1 1.0089 1.853 1.844 2.024
15.4695 19.855 9.9815 4.074 1.0079 1.814 1.817 2.021
15.052999999999999 19.757 9.9815 4.25 1.0170000000000001 1.778 1.817 2.057
15.1755 19.806 9.8835 4.098 1.0096 1.757 1.757 1.952
15.4205 19.8305 10.006 4.082 1.0094 1.718 1.7389999999999999 1.979
15.224499999999999 20.0755 9.81 4.094 1.0094 1.805 1.829 2.06
15.248999999999999 19.855 9.81 4.03 1.0017 1.7449999999999999 1.763 1.979
15.052999999999999 19.5855 9.908 4.156 1.0077 1.751 1.769 1.9820000000000002
15.543 19.8305 9.957 4.05 1.008 1.811 1.811 2.0
15.4205 19.879500000000004 10.0795 4.074 1.0104 1.796 1.787 2.0
15.126499999999998 20.0755 9.859 4.204 1.0132 1.805 1.799 1.967
15.445 19.5365 9.859 4.156 1.0168 1.79 1.781 1.976
15.5185 19.6835 9.81 4.074 1.0114 1.784 1.775 1.964
15.0285 19.61 9.81 4.1579999999999995 1.0112 1.817 1.823 2.033
15.4695 19.757 9.859 4.09 1.009 1.772 1.769 1.9489999999999998
15.592 19.438499999999998 10.006 4.08 1.0096 1.832 1.817 2.003
15.4205 19.5365 9.859 4.052 1.0063 1.772 1.778 1.9699999999999998
15.395999999999999 19.9775 9.761 4.074 1.0098 1.853 1.853 2.048
15.543 19.365 9.761 4.082 1.0084 1.847 1.838 2.0
15.3715 19.61 9.8345 4.072 1.0122 1.7030000000000003 1.73 1.964
15.151 19.7325 9.8345 4.116 1.0077 1.742 1.763 1.979
15.4205 19.61 9.859 4.136 1.0137 1.76 1.76 1.967
15.4205 19.904 10.226500000000001 4.09 1.012 1.766 1.781 2.003
15.5185 19.953000000000003 9.761 4.07 1.0123 1.754 1.79 2.0300000000000002
15.395999999999999 19.879500000000004 10.1775 4.1080000000000005 1.012 1.769 1.757 1.943
15.273499999999999 19.9285 9.81 4.136 1.0133 1.859 1.838 1.9849999999999999
15.248999999999999 20.0755 9.8835 4.058 1.0083 1.811 1.796 1.9609999999999999
15.248999999999999 19.855 9.81 4.144 1.0096 1.694 1.7269999999999999 1.9489999999999998
15.298 19.659 9.859 4.006 1.0043 1.754 1.763 1.979
15.0285 19.6835 10.1775 4.066 1.0037 1.781 1.772 1.9580000000000002
15.4695 19.634500000000003 9.957 4.102 1.0123 1.76 1.757 1.964
15.69 19.61 9.8835 4.094 1.0084 1.811 1.805 1.976
15.347 19.561 9.9325 4.082 1.0081 1.763 1.757 1.9369999999999998
15.494 19.855 10.0795 4.152 1.0143 1.814 1.814 2.021
15.445 19.561 9.785499999999999 4.096 1.0045 1.7449999999999999 1.769 1.988
15.3225 19.512 9.712 4.13 1.0112 1.757 1.76 1.9580000000000002
15.3715 19.9775 9.859 4.066 1.0138 1.763 1.76 1.9699999999999998
15.273499999999999 19.8305 9.761 4.198 1.0145 1.769 1.772 1.9580000000000002
15.3715 19.438499999999998 9.663 4.11 1.0176 1.808 1.817 2.012
14.979499999999998 20.345 9.663 4.13 1.0082 1.7389999999999999 1.802 2.057
15.3715 19.414 9.859 4.134 1.0105 1.814 1.802 1.988
15.347 19.8305 10.0305 4.1 1.012 1.82 1.811 2.0
15.5675 19.855 9.8345 4.1259999999999994 1.0207 1.7120000000000002 1.7389999999999999 1.9699999999999998
15.395999999999999 19.4875 9.957 4.098 1.0126 1.826 1.823 2.033
15.298 19.561 9.761 4.146 1.0091 1.757 1.769 1.979
15.3715 19.414 9.908 4.122 1.0111 1.829 1.835 2.0540000000000003
15.052999999999999 19.8305 9.736500000000001 4.2379999999999995 1.0142 1.799 1.79 1.943
15.052999999999999 19.5855 9.614 4.162 1.0109 1.751 1.802 2.045
15.395999999999999 19.659 9.859 4.082 1.0092 1.817 1.835 2.057
15.5185 19.7325 10.153 4.086 1.0089 1.751 1.751 1.9580000000000002
15.4205 19.512 9.712 4.146 1.0106 1.748 1.766 1.9849999999999999
15.4205 19.340500000000002 9.9325 4.178 1.0135 1.754 1.778 2.0060000000000002
15.6165 19.6835 9.638499999999999 4.064 1.0142 1.76 1.769 1.9939999999999998
15.273499999999999 19.659 9.9815 4.154 1.0132 1.787 1.787 1.988
15.4695 19.438499999999998 9.736500000000001 4.116 1.0084 1.799 1.79 1.9459999999999997
15.3225 19.634500000000003 9.9325 4.106 1.0102 1.853 1.847 2.033
15.052999999999999 19.879500000000004 9.81 4.254 1.0183 1.706 1.724 1.9459999999999997
15.3225 19.806 9.908 4.144 1.0135 1.829 1.811 1.9849999999999999
15.494 19.757 9.6875 4.084 1.0078 1.811 1.811 1.988
15.298 19.659 9.8345 4.1 1.0087 1.766 1.772 1.979
15.3715 19.757 9.785499999999999 4.08 1.0128 1.817 1.805 1.9939999999999998
15.052999999999999 19.6835 9.638499999999999 4.25 1.0187 1.826 1.805 1.9820000000000002
15.0285 19.9775 9.663 4.214 1.0166 1.805 1.796 1.955
15.445 19.414 9.8345 4.172 1.0169 1.868 1.832 1.9820000000000002
15.592 19.634500000000003 9.908 4.0600000000000005 1.0112 1.754 1.784 2.021
15.3225 19.953000000000003 9.736500000000001 4.054 1.0064 1.772 1.802 2.024
15.445 20.0755 10.0305 4.0760000000000005 1.0084 1.6909999999999998 1.7389999999999999 1.9729999999999999
15.0285 20.0755 9.6875 4.128 1.0112 1.748 1.748 1.94
15.592 19.708000000000002 9.8345 4.074 1.0108 1.814 1.796 1.964
15.4205 19.6835 9.9815 4.15 1.0149 1.706 1.724 1.952
15.0285 19.7325 9.589500000000001 4.148 1.0111 1.787 1.793 2.0060000000000002
15.101999999999999 19.953000000000003 9.9325 4.1 1.0074 1.814 1.799 1.967
15.224499999999999 20.149 9.8835 4.0280000000000005 1.0078 1.751 1.754 1.955
15.273499999999999 20.2715 9.9325 4.056 1.0087 1.814 1.796 1.94
15.298 20.002000000000002 10.055 4.1259999999999994 1.0119 1.799 1.778 1.952
15.4695 19.4875 9.785499999999999 4.154 1.0143 1.832 1.823 2.015
15.0775 19.7815 10.006 4.154 1.0107 1.781 1.79 2.0
15.445 19.806 9.761 4.0600000000000005 1.0082 1.814 1.82 2.024
15.3225 19.561 9.9325 4.078 1.0077 1.793 1.781 1.9699999999999998
15.0775 20.345 9.8345 4.026 1.0086 1.757 1.757 1.955
15.126499999999998 20.320500000000003 9.761 4.086 1.0098 1.778 1.79 1.9969999999999999
15.052999999999999 19.7325 10.153 4.204 1.0142 1.706 1.7329999999999999 1.964
15.3225 19.7325 9.785499999999999 4.198 1.0179 1.754 1.757 1.964
15.0285 19.757 9.589500000000001 4.2059999999999995 1.0143 1.787 1.793 2.015
15.3715 19.438499999999998 9.9325 4.026 1.0058 1.799 1.775 1.9369999999999998
15.5185 19.757 9.859 4.086 1.0101 1.775 1.778 1.967
15.347 19.561 9.6875 4.074 1.0132 1.82 1.799 1.976
15.4695 19.267 10.006 4.164 1.0152 1.862 1.838 1.9969999999999999
15.5185 19.953000000000003 9.761 4.016 1.0082 1.823 1.802 1.9609999999999999
15.3715 20.051000000000002 9.736500000000001 4.036 1.0063 1.799 1.817 2.024
15.347 19.512 9.761 4.116 1.0144 1.709 1.7269999999999999 1.9609999999999999
15.1755 19.6835 9.908 4.21 1.0158 1.808 1.805 1.9820000000000002
15.3225 19.9285 9.81 4.12 1.0151000000000001 1.685 1.736 1.9729999999999999
15.273499999999999 19.365 9.957 4.13 1.0119 1.808 1.805 2.012
15.126499999999998 19.757 9.957 4.056 1.0074 1.799 1.787 1.9939999999999998
15.224499999999999 20.320500000000003 9.761 4.024 1.0101 1.826 1.802 1.9580000000000002
15.3225 19.757 9.81 4.096 1.0074 1.748 1.76 1.967
15.273499999999999 20.2225 9.957 4.068 1.0097 1.754 1.766 1.976
15.0775 19.5365 9.9815 4.14 1.0051 1.805 1.826 2.036
15.494 19.879500000000004 9.9325 4.074 1.0098 1.778 1.817 2.051
15.395999999999999 19.5365 10.0305 4.166 1.0148 1.814 1.79 1.943
15.298 19.904 9.785499999999999 4.088 1.0062 1.805 1.799 1.9699999999999998
15.445 19.757 9.9325 4.074 1.0119 1.835 1.805 1.964
15.395999999999999 19.414 9.712 4.152 1.0147 1.763 1.769 1.991
15.3225 19.463 9.957 4.166 1.0134 1.757 1.766 1.976
15.395999999999999 19.9775 9.8345 4.0600000000000005 1.0117 1.697 1.754 1.9969999999999999
15.3715 19.7815 9.9325 4.082 1.006 1.814 1.817 2.015
15.5185 19.4875 9.957 4.062 1.0098 1.796 1.775 1.9609999999999999
15.0775 19.904 9.638499999999999 4.11 1.0067 1.793 1.808 2.003
15.3225 19.4875 9.81 4.1 1.0076 1.742 1.751 1.943
15.5185 19.8305 9.761 4.0920000000000005 1.0126 1.817 1.802 1.967
15.126499999999998 19.634500000000003 9.957 4.116 1.0101 1.805 1.781 1.9699999999999998
15.3715 19.904 9.761 4.062 1.0131000000000001 1.82 1.829 2.0540000000000003
15.3225 19.9775 9.859 4.1419999999999995 1.0138 1.817 1.82 2.027
15.445 19.438499999999998 9.589500000000001 4.084 1.0095 1.775 1.784 1.9969999999999999
15.0775 19.659 9.663 4.13 1.0069 1.814 1.835 2.06
15.347 20.002000000000002 10.055 4.148 1.0136 1.811 1.793 1.9609999999999999
15.0775 19.953000000000003 9.6875 4.1080000000000005 1.0107 1.787 1.787 2.003
15.3715 19.634500000000003 9.859 4.074 1.0123 1.76 1.763 1.9729999999999999
15.445 19.4875 10.0305 4.066 1.0066 1.817 1.805 1.9849999999999999
15.395999999999999 19.7325 9.81 4.05 1.0056 1.805 1.823 2.015
15.445 19.7815 9.908 4.058 1.0091 1.742 1.748 1.778
15.5675 19.6835 10.153 4.086 1.0094 1.763 1.79 2.039
15.248999999999999 20.026500000000002 9.8835 4.068 1.0099 1.868 1.832 1.979
15.052999999999999 19.7815 9.761 4.1739999999999995 1.0093 1.811 1.799 1.9459999999999997
15.3715 19.953000000000003 9.9325 4.022 1.0068 1.802 1.808 2.0300000000000002
15.2 20.0755 9.8835 4.072 1.0101 1.805 1.805 2.003
15.298 19.659 9.8835 4.062 1.0099 1.799 1.811 2.0300000000000002
15.395999999999999 19.9775 9.957 4.074 1.0087 1.844 1.829 1.9369999999999998
15.5185 19.0955 9.785499999999999 4.046 1.0024 1.805 1.808 2.003
15.4695 19.7815 9.859 4.058 1.0129 1.784 1.769 1.793
15.3225 20.002000000000002 9.859 4.08 1.0144 1.817 1.805 1.991
15.1755 19.8305 9.736500000000001 4.106 1.0108 1.754 1.793 2.033
15.126499999999998 19.904 9.8835 4.128 1.008 1.826 1.808 1.9820000000000002
15.395999999999999 20.149 9.6875 4.05 1.0048 1.775 1.802 2.018
15.445 19.8305 9.9815 4.038 1.0049 1.793 1.802 2.024
15.494 19.365 9.9815 4.088 1.0077 1.781 1.766 1.9489999999999998
15.4205 19.61 9.9325 4.116 1.0132 1.7120000000000002 1.7269999999999999 1.931
15.126499999999998 19.634500000000003 9.785499999999999 4.13 1.0083 1.847 1.844 2.033
15.004 19.7325 9.736500000000001 4.1579999999999995 1.0147 1.832 1.814 2.0
15.5185 19.7815 9.761 4.0440000000000005 1.0073 1.7449999999999999 1.763 1.9729999999999999
15.0285 19.5855 9.9815 4.068 1.0027 1.781 1.784 1.9849999999999999
15.273499999999999 19.855 9.908 4.068 1.0096 1.754 1.775 2.0060000000000002
15.4695 19.806 9.736500000000001 4.074 1.0103 1.751 1.754 1.9459999999999997
15.052999999999999 19.438499999999998 9.8345 4.138 1.0129 1.7209999999999999 1.754 1.9939999999999998
15.1755 19.757 9.6875 4.12 1.0112 1.814 1.811 1.9969999999999999
15.543 19.8305 9.8835 4.056 1.0061 1.838 1.832 1.964
15.3225 19.708000000000002 9.957 4.138 1.0111 1.82 1.835 2.045
15.3225 19.757 9.859 4.02 1.0033 1.817 1.793 1.9459999999999997
15.494 19.8305 9.785499999999999 4.048 1.0087 1.784 1.79 1.988
15.0775 19.659 9.8835 4.186 1.0141 1.859 1.841 1.9969999999999999
15.3225 19.9285 9.859 4.15 1.0168 1.79 1.778 1.967
15.395999999999999 19.61 9.859 4.0440000000000005 1.0082 1.736 1.754 1.9609999999999999
15.4695 19.340500000000002 9.8345 4.2059999999999995 1.0171000000000001 1.85 1.832 1.943
15.5185 19.316 9.9815 4.194 1.0189 1.82 1.802 1.9849999999999999
15.273499999999999 19.806 9.957 4.096 1.0056 1.817 1.805 1.979
15.543 19.463 9.81 4.042 1.0069 1.79 1.82 2.0300000000000002
15.0775 19.953000000000003 10.006 4.0600000000000005 1.0049 1.766 1.787 2.021
15.4695 20.002000000000002 9.736500000000001 4.0440000000000005 1.008 1.697 1.736 1.9699999999999998
15.347 19.855 9.9325 4.178 1.0179 1.787 1.79 1.991
15.4205 19.169 9.9815 4.132 1.0096 1.784 1.79 1.9849999999999999
15.101999999999999 19.8305 9.736500000000001 4.1259999999999994 1.0067 1.754 1.778 1.9939999999999998
14.9305 20.247000000000003 9.736500000000001 4.2059999999999995 1.0148 1.847 1.838 1.9939999999999998
15.052999999999999 19.634500000000003 9.8345 4.178 1.0136 1.817 1.82 2.015
15.395999999999999 19.340500000000002 9.859 4.162 1.0148 1.763 1.757 1.9580000000000002
15.4695 19.855 9.9815 4.112 1.0119 1.7030000000000003 1.7449999999999999 1.988
15.445 19.365 9.9815 4.2059999999999995 1.0183 1.802 1.814 2.018
15.101999999999999 19.7815 10.055 4.1579999999999995 1.0128 1.772 1.775 1.9849999999999999
15.494 19.512 9.761 4.0760000000000005 1.0121 1.817 1.817 2.021
15.445 19.4875 9.81 4.162 1.0156 1.7120000000000002 1.7329999999999999 1.9699999999999998
15.5185 19.7325 9.785499999999999 4.066 1.008 1.799 1.817 2.024
15.5185 19.463 10.153 4.1739999999999995 1.0149 1.826 1.814 2.0
15.6165 19.4875 10.0795 4.026 1.0045 1.811 1.793 1.9580000000000002
15.052999999999999 19.7325 9.589500000000001 4.096 1.0087 1.697 1.724 1.9489999999999998
15.543 19.7325 10.0795 4.082 1.0095 1.829 1.835 2.048
15.3225 19.953000000000003 9.9325 4.148 1.011 1.844 1.829 1.931
15.273499999999999 19.3895 9.8345 4.172 1.0152 1.787 1.775 1.967
15.861500000000001 18.973000000000003 9.8345 4.042 1.0058 1.6880000000000002 1.736 1.967
15.273499999999999 19.561 9.9325 4.118 1.0125 1.862 1.838 1.979
15.224499999999999 20.002000000000002 9.785499999999999 4.08 1.0111 1.814 1.805 1.988
15.592 19.512 9.8345 4.05 1.0082 1.811 1.796 1.952
15.543 19.414 9.9815 4.148 1.0137 1.814 1.832 2.057
15.4695 19.7325 10.0305 4.11 1.0101 1.7000000000000002 1.742 1.979
15.4205 19.561 9.957 4.116 1.0109 1.784 1.775 1.9699999999999998
15.3715 19.7325 10.0305 4.162 1.0112 1.817 1.823 2.027
15.0775 19.7325 9.712 4.204 1.0157 1.829 1.814 1.9939999999999998
15.347 19.463 9.8345 4.11 1.0117 1.829 1.799 1.952
15.5185 19.365 9.663 4.134 1.0079 1.685 1.724 1.952
15.4695 19.855 9.908 4.026 1.0111 1.778 1.781 2.009
16.008499999999998 19.340500000000002 9.81 4.056 1.0103 1.742 1.784 2.0300000000000002
15.641 19.61 9.859 4.078 1.0073 1.811 1.823 2.018
15.5185 19.267 9.957 4.09 1.0137 1.718 1.775 2.0300000000000002
15.248999999999999 20.2225 9.785499999999999 4.03 1.0091 1.862 1.847 2.024
15.052999999999999 19.512 9.859 4.1259999999999994 1.0096 1.826 1.808 1.9939999999999998
15.3715 19.953000000000003 10.1775 4.114 1.0105 1.763 1.751 1.952
14.979499999999998 20.1 9.663 4.138 1.0106 1.757 1.763 1.967
15.4205 19.561 10.0305 4.0440000000000005 1.0002 1.742 1.769 1.9939999999999998
15.298 19.340500000000002 9.9325 4.122 1.0106 1.859 1.832 1.979
15.298 19.904 9.8345 4.016 1.0039 1.811 1.82 2.0300000000000002
15.347 19.634500000000003 9.761 4.098 1.0094 1.757 1.757 1.9580000000000002
15.543 19.855 9.908 4.068 1.0106 1.853 1.844 2.024
15.248999999999999 20.2225 9.859 4.038 1.0079 1.784 1.787 1.9939999999999998
15.3715 20.002000000000002 10.055 4.014 1.0050000000000001 1.787 1.814 2.0540000000000003
15.273499999999999 19.879500000000004 9.859 4.1739999999999995 1.0162 1.853 1.856 2.051
15.151 20.0755 9.859 4.14 1.0114 1.781 1.799 2.015
15.592 19.7815 9.8345 4.048 1.0093 1.706 1.754 2.003
15.052999999999999 19.806 9.712 4.198 1.014 1.7000000000000002 1.73 1.955
15.3715 19.9775 9.761 4.0600000000000005 1.011 1.778 1.805 2.0300000000000002
15.3225 19.9285 9.8835 4.058 1.0077 1.751 1.778 2.0
15.347 19.634500000000003 10.0305 4.116 1.0128 1.79 1.781 1.979
15.0775 19.634500000000003 9.8835 4.136 1.0068 1.805 1.805 1.9699999999999998
15.445 19.414 9.9815 4.138 1.0141 1.754 1.769 1.9939999999999998
15.0285 19.4875 10.055 4.154 1.0149 1.868 1.835 1.9609999999999999
15.395999999999999 19.561 9.785499999999999 4.144 1.0107 1.817 1.82 2.024
15.5675 19.806 9.81 4.122 1.0159 1.85 1.829 1.9580000000000002
15.6165 19.5365 10.1775 4.082 1.0108 1.769 1.769 1.9820000000000002
15.3715 19.438499999999998 9.908 4.132 1.0135 1.793 1.802 2.009
15.3715 20.2225 9.8835 4.0760000000000005 1.0082 1.7389999999999999 1.766 1.9849999999999999
15.101999999999999 19.7815 9.8345 4.166 1.0149 1.844 1.823 2.024
15.494 19.9285 9.8835 4.07 1.008 1.775 1.787 1.9820000000000002
15.248999999999999 20.002000000000002 9.859 4.0760000000000005 1.0099 1.856 1.85 2.027
15.273499999999999 19.3895 9.957 4.1419999999999995 1.0148 1.79 1.781 1.967
15.347 19.708000000000002 9.8345 4.0760000000000005 1.0075 1.853 1.85 2.0300000000000002
15.395999999999999 19.855 9.81 4.0760000000000005 1.0094 1.7389999999999999 1.757 1.967
15.5185 19.757 10.104000000000001 4.016 1.0042 1.763 1.763 1.979
15.298 19.708000000000002 9.9325 4.054 1.0042 1.76 1.751 1.9489999999999998
15.298 19.9285 9.8345 4.07 1.0121 1.763 1.793 2.033
15.4205 19.879500000000004 9.785499999999999 4.052 1.0085 1.778 1.784 1.991
15.1755 20.369500000000002 10.0795 4.114 1.0085 1.85 1.841 2.009
15.543 19.855 9.8835 4.072 1.0103 1.7030000000000003 1.7209999999999999 1.943
15.1755 19.708000000000002 9.712 4.088 1.0052 1.796 1.799 1.9699999999999998
15.6165 19.61 9.8345 4.058 1.0094 1.754 1.766 1.9820000000000002
15.543 19.512 10.104000000000001 4.1579999999999995 1.0150000000000001 1.862 1.835 1.988
15.4205 19.659 9.957 4.114 1.0133 1.865 1.832 1.9459999999999997
15.1755 20.026500000000002 9.761 4.054 1.0077 1.778 1.799 2.018
15.1755 19.855 9.8345 4.172 1.0141 1.823 1.805 1.976
15.347 20.051000000000002 9.9815 4.082 1.0132 1.763 1.76 1.967
15.395999999999999 19.8305 9.8835 4.0440000000000005 1.0077 1.817 1.814 2.0060000000000002
15.3715 19.855 9.9815 4.072 1.011 1.799 1.802 2.024
15.4695 19.879500000000004 9.81 4.032 1.0077 1.7449999999999999 1.757 1.9699999999999998
15.0775 19.6835 9.565 4.154 1.0123 1.7149999999999999 1.724 1.9489999999999998
14.9305 19.855 9.614 4.172 1.0093 1.7449999999999999 1.751 1.952
15.347 19.904 10.104000000000001 4.134 1.0107 1.808 1.775 1.943
15.445 19.7815 9.81 4.0600000000000005 1.0093 1.754 1.787 2.024
15.543 19.757 9.8835 4.048 1.0066 1.778 1.775 1.943
15.248999999999999 19.806 9.8345 4.128 1.0116 1.826 1.82 2.018
15.4205 20.1 9.81 4.09 1.0129 1.859 1.835 1.9699999999999998
15.543 19.144499999999997 9.9325 4.132 1.0115 1.76 1.763 1.9820000000000002
15.248999999999999 19.879500000000004 9.957 4.0760000000000005 1.0069 1.814 1.808 1.988
15.273499999999999 19.561 9.957 4.16 1.0130000000000001 1.754 1.787 2.024
15.395999999999999 19.8305 10.0305 4.112 1.009 1.784 1.793 2.003
15.298 19.61 9.859 4.22 1.016 1.778 1.79 2.018
15.101999999999999 19.953000000000003 9.785499999999999 4.198 1.0134 1.763 1.76 1.9580000000000002
15.052999999999999 19.4875 9.859 4.138 1.0082 1.85 1.844 2.018
15.4205 19.708000000000002 10.006 4.15 1.0118 1.694 1.754 2.009
15.6165 19.7325 9.761 4.032 1.0088 1.853 1.832 1.955
15.3225 19.512 9.8345 4.1259999999999994 1.0064 1.796 1.799 1.979
15.3225 20.0755 9.712 4.032 1.0078 1.778 1.805 2.033
15.543 19.757 9.8345 4.0760000000000005 1.0075 1.7389999999999999 1.778 2.0060000000000002
15.298 19.7815 9.761 4.046 1.0091 1.781 1.799 2.021
15.0775 19.7325 9.589500000000001 4.12 1.0091 1.808 1.796 1.943
15.3225 19.659 9.9325 4.082 1.0126 1.76 1.769 1.9969999999999999
15.3715 19.561 9.8345 4.11 1.0095 1.823 1.808 1.991
15.5675 19.218 9.9325 4.178 1.016 1.772 1.796 2.024
15.347 19.4875 9.8835 4.098 1.0084 1.817 1.832 2.0540000000000003
15.0285 20.002000000000002 9.81 4.152 1.0155 1.7149999999999999 1.742 1.979
15.395999999999999 19.708000000000002 9.8835 4.0760000000000005 1.0091 1.856 1.856 2.0540000000000003
15.224499999999999 19.561 9.859 4.17 1.0130000000000001 1.826 1.826 2.0300000000000002
15.0775 19.757 9.859 4.17 1.0103 1.775 1.784 1.9939999999999998
15.543 19.879500000000004 9.736500000000001 4.08 1.0134 1.763 1.778 2.0
15.052999999999999 19.634500000000003 9.908 4.208 1.0132 1.781 1.784 1.9939999999999998
15.248999999999999 19.708000000000002 9.8835 4.166 1.0168 1.7209999999999999 1.7269999999999999 1.9609999999999999
15.494 19.169 9.9325 4.128 1.0093 1.754 1.775 2.003
15.224499999999999 19.6835 9.859 4.048 1.0065 1.778 1.766 1.964
15.3715 19.8305 9.908 4.09 1.0109 1.778 1.799 2.021
15.347 19.879500000000004 10.1285 4.106 1.0129 1.832 1.838 2.0540000000000003
15.395999999999999 19.659 9.8345 4.08 1.0071 1.82 1.823 2.042
15.395999999999999 19.659 9.9325 4.07 1.0079 1.769 1.778 1.967
15.3715 19.4875 9.8345 4.058 1.0044 1.829 1.805 1.9699999999999998
15.224499999999999 20.296000000000003 9.8345 4.072 1.0074 1.7269999999999999 1.748 1.955
15.445 20.026500000000002 9.859 4.068 1.0103 1.808 1.793 1.955
15.0775 19.708000000000002 9.5405 4.2059999999999995 1.0156 1.811 1.808 2.003
15.347 19.365 9.908 4.084 1.0105 1.826 1.796 1.9580000000000002
15.298 19.5855 9.81 4.138 1.0169 1.7209999999999999 1.724 1.9489999999999998
15.273499999999999 20.002000000000002 10.006 4.086 1.0105 1.766 1.757 1.9609999999999999
15.101999999999999 19.708000000000002 9.638499999999999 4.208 1.0150000000000001 1.814 1.814 1.814
15.0775 19.7815 9.736500000000001 4.204 1.0154 1.859 1.835 1.9939999999999998
15.1755 19.7325 9.6875 4.144 1.0150000000000001 1.76 1.7449999999999999 1.9459999999999997
15.2 19.904 9.8835 4.11 1.012 1.757 1.757 1.967
15.1755 19.904 9.908 4.182 1.0151000000000001 1.757 1.757 1.964
15.052999999999999 19.7815 9.785499999999999 4.17 1.0150000000000001 1.823 1.796 1.9580000000000002
15.4205 20.0755 9.9325 4.08 1.0124 1.781 1.814 2.0540000000000003
15.052999999999999 19.9285 9.589500000000001 4.212 1.0142 1.802 1.796 1.952
14.955 20.296000000000003 9.957 4.046 1.0075 1.826 1.823 2.0300000000000002
15.5185 19.7815 9.736500000000001 4.062 1.0092 1.7449999999999999 1.775 1.9939999999999998
15.4205 19.7815 9.957 4.078 1.0094 1.754 1.748 1.9489999999999998
15.5675 19.659 9.712 4.032 1.0095 1.754 1.787 2.015
15.4205 19.806 9.908 4.146 1.0154 1.763 1.754 1.772
15.2 19.806 9.8835 4.094 1.0088 1.76 1.775 2.003
15.1755 19.7815 9.859 4.216 1.0159 1.736 1.784 2.015
15.4205 19.9775 9.9325 4.066 1.0081 1.85 1.85 2.036
15.543 19.855 9.908 4.0600000000000005 1.0086 1.814 1.811 2.009
15.298 19.8305 9.8345 4.106 1.0091 1.787 1.799 2.0300000000000002
15.3225 20.051000000000002 10.0305 4.212 1.0181 1.781 1.784 1.991
15.0775 19.5365 9.785499999999999 4.154 1.0137 1.799 1.778 1.9729999999999999
15.0775 19.7325 10.055 4.1579999999999995 1.0138 1.838 1.802 1.964
15.224499999999999 20.1 9.9325 4.074 1.0082 1.844 1.829 1.952
15.543 19.8305 9.736500000000001 4.04 1.0082 1.853 1.838 2.009
15.3225 19.340500000000002 9.8835 4.1419999999999995 1.0156 1.79 1.79 2.0060000000000002
15.273499999999999 19.6835 9.638499999999999 4.1579999999999995 1.0142 1.826 1.808 1.9849999999999999
15.1755 19.806 9.859 4.114 1.01 1.79 1.799 2.018
15.224499999999999 19.7815 9.785499999999999 4.086 1.0099 1.865 1.835 1.9849999999999999
15.395999999999999 19.855 9.81 4.094 1.0104 1.811 1.799 1.9729999999999999
15.273499999999999 19.634500000000003 9.6875 4.2 1.0155 1.814 1.805 1.955
15.0285 19.463 9.8345 4.134 1.0117 1.835 1.808 1.9729999999999999
15.445 20.051000000000002 9.761 4.0440000000000005 1.0063 1.685 1.778 2.033
15.395999999999999 19.879500000000004 10.055 4.08 1.0095 1.82 1.811 2.003
15.543 19.438499999999998 10.104000000000001 4.09 1.0127 1.769 1.775 1.9820000000000002
15.4695 19.8305 10.0305 4.08 1.0096 1.79 1.787 1.9939999999999998
14.881499999999999 20.442999999999998 9.785499999999999 4.144 1.0114 1.811 1.793 1.9459999999999997
15.298 19.438499999999998 9.638499999999999 4.146 1.0105 1.805 1.799 1.979
15.0285 19.904 9.785499999999999 4.114 1.0105 1.769 1.766 1.9729999999999999
15.395999999999999 19.7325 10.0795 4.112 1.0091 1.802 1.811 2.021
14.979499999999998 19.806 9.712 4.13 1.0102 1.868 1.847 2.0300000000000002
15.395999999999999 19.7815 9.9325 4.152 1.0141 1.853 1.835 1.9459999999999997
15.395999999999999 19.634500000000003 9.8835 4.026 1.0044 1.751 1.748 1.943
15.052999999999999 19.512 9.908 4.074 1.007 1.805 1.793 2.012
15.543 19.7325 10.202 4.018 1.006 1.7209999999999999 1.769 2.018
15.445 19.4875 9.9325 4.0760000000000005 1.0093 1.772 1.763 1.9729999999999999
15.494 19.879500000000004 9.736500000000001 4.08 1.0091 1.6909999999999998 1.757 2.0060000000000002
15.347 19.757 10.0305 4.178 1.0188 1.763 1.79 2.027
15.347 19.8305 9.859 4.0760000000000005 1.0097 1.742 1.763 1.979
15.592 19.6835 9.6875 4.07 1.0088 1.7449999999999999 1.772 1.991
15.347 19.6835 9.81 4.134 1.0122 1.7030000000000003 1.7389999999999999 1.976
15.273499999999999 19.5855 9.8835 4.112 1.0111 1.832 1.796 1.9580000000000002
15.494 19.8305 9.9325 4.07 1.012 1.814 1.802 1.9820000000000002
15.224499999999999 20.002000000000002 9.8835 4.138 1.0143 1.829 1.808 1.9820000000000002
15.4205 19.463 9.8345 4.094 1.0079 1.694 1.7329999999999999 1.964
15.1755 19.879500000000004 9.81 4.17 1.0141 1.826 1.802 1.9699999999999998
15.3715 19.5855 9.785499999999999 4.152 1.0132 1.781 1.769 1.94
15.052999999999999 19.806 9.761 4.166 1.0131000000000001 1.856 1.838 1.991
15.2 19.806 9.81 4.11 1.0123 1.769 1.793 2.021
15.3225 20.0755 9.9325 4.178 1.0170000000000001 1.778 1.769 1.955
15.445 19.438499999999998 9.908 4.0440000000000005 1.0059 1.76 1.748 1.952
15.3715 19.561 9.957 4.098 1.0105 1.76 1.76 1.979
15.445 19.879500000000004 9.6875 4.036 1.0044 1.799 1.823 2.033
15.3225 19.7815 9.785499999999999 4.204 1.0184 1.781 1.799 2.018
15.3225 20.051000000000002 9.761 4.08 1.0111 1.853 1.835 1.9729999999999999
15.298 19.6835 9.957 4.144 1.0151000000000001 1.79 1.796 2.003
15.6165 19.5855 9.9325 4.114 1.0111 1.865 1.844 2.018
15.592 19.463 9.8345 4.068 1.0083 1.811 1.808 1.979
15.543 19.6835 9.8835 4.048 1.0086 1.814 1.799 1.9729999999999999
15.3225 19.6835 9.8345 4.21 1.0155 1.7449999999999999 1.787 2.024
15.126499999999998 19.757 9.614 4.106 1.0097 1.763 1.799 2.039
15.5185 19.267 9.81 4.104 1.011 1.829 1.808 1.9849999999999999
15.494 19.7815 9.785499999999999 4.082 1.01 1.811 1.796 1.943
15.6655 19.61 9.8835 4.1419999999999995 1.0119 1.766 1.757 1.943
15.4205 19.414 9.957 4.186 1.0183 1.7449999999999999 1.748 1.955
15.592 19.757 9.761 4.07 1.0105 1.757 1.772 1.991
15.052999999999999 19.7325 9.8345 4.198 1.012 1.7449999999999999 1.748 1.9369999999999998
15.5185 19.953000000000003 9.8345 4.07 1.0106 1.85 1.847 2.021
15.0775 19.6835 9.736500000000001 4.178 1.0069 1.7329999999999999 1.76 1.976
15.3225 20.0755 9.859 4.068 1.0094 1.7389999999999999 1.748 1.952
15.273499999999999 20.296000000000003 10.1775 4.15 1.0175 1.823 1.799 1.979
15.5675 19.8305 9.859 4.07 1.0066 1.805 1.835 2.0540000000000003
15.5185 19.806 9.957 4.0600000000000005 1.0119 1.859 1.832 1.979
15.0775 19.855 10.1285 4.162 1.0189 1.829 1.802 1.9820000000000002
15.445 19.463 9.8835 4.14 1.0161 1.862 1.835 1.988
15.0775 19.855 9.785499999999999 4.128 1.0144 1.772 1.775 2.0
15.347 19.512 9.8835 4.12 1.0141 1.847 1.835 1.991
15.298 20.1245 9.9325 4.128 1.0114 1.79 1.781 1.979
15.445 19.438499999999998 9.908 4.026 1.0068 1.775 1.79 2.0300000000000002
15.273499999999999 19.634500000000003 9.81 4.112 1.0126 1.787 1.775 1.967
15.494 19.561 10.104000000000001 4.152 1.012 1.697 1.724 1.9340000000000002
15.6655 19.61 9.908 4.074 1.0083 1.694 1.748 1.9849999999999999
15.4695 19.7815 9.761 4.032 1.0084 1.763 1.778 2.0
15.298 19.561 9.8345 4.146 1.012 1.781 1.787 1.988
15.5675 19.561 10.055 4.09 1.0075 1.802 1.799 1.976
15.592 19.7815 9.736500000000001 4.0280000000000005 1.0096 1.829 1.82 2.021
15.101999999999999 19.757 9.589500000000001 4.098 1.0054 1.805 1.811 1.988
15.5675 19.340500000000002 10.055 4.086 1.0077 1.766 1.772 1.988
15.4695 19.561 9.8835 4.078 1.0088 1.775 1.799 2.018
15.395999999999999 19.6835 9.9815 4.07 1.0105 1.865 1.832 1.964
15.395999999999999 19.879500000000004 10.1285 4.148 1.0117 1.856 1.841 2.0
15.101999999999999 19.6835 9.908 4.242 1.0146 1.772 1.772 1.943
15.273499999999999 20.002000000000002 9.9815 4.166 1.012 1.742 1.748 1.955
15.3225 19.438499999999998 9.712 4.11 1.0115 1.706 1.7389999999999999 1.9729999999999999
15.052999999999999 19.61 9.8345 4.128 1.0103 1.865 1.85 2.027
15.4695 19.9775 9.785499999999999 4.048 1.0075 1.847 1.835 1.9729999999999999
15.543 19.8305 9.736500000000001 4.066 1.0066 1.844 1.832 1.9580000000000002
15.273499999999999 19.806 9.8345 4.104 1.0097 1.793 1.802 2.024
15.224499999999999 19.708000000000002 9.8345 4.198 1.0145 1.772 1.769 1.9459999999999997
15.248999999999999 19.879500000000004 9.6875 4.114 1.012 1.814 1.799 1.967
15.1755 19.757 9.8345 4.1419999999999995 1.0141 1.799 1.79 1.9969999999999999
15.4205 19.904 10.104000000000001 4.102 1.009 1.766 1.76 1.952
15.0285 19.9285 9.663 4.122 1.0118 1.793 1.79 2.009
15.248999999999999 19.708000000000002 9.9325 4.094 1.0089 1.829 1.811 1.991
15.3225 19.855 9.8835 4.046 1.0077 1.784 1.793 2.009
15.1755 19.953000000000003 9.8835 4.074 1.0104 1.763 1.793 2.036
15.494 19.7815 10.055 4.116 1.0148 1.775 1.79 2.027
15.052999999999999 19.5365 9.8835 4.18 1.0077 1.808 1.811 1.976
15.298 19.414 9.8835 4.118 1.01 1.856 1.844 2.021
15.052999999999999 20.051000000000002 9.736500000000001 4.208 1.0125 1.805 1.823 2.027
15.395999999999999 19.512 9.859 4.164 1.0144 1.835 1.805 1.9729999999999999
15.494 19.659 10.1285 4.1579999999999995 1.0149 1.7449999999999999 1.766 1.9849999999999999
15.248999999999999 19.708000000000002 9.9325 4.048 1.0051 1.718 1.7389999999999999 1.979
15.0775 19.9285 9.761 4.168 1.0119 1.757 1.805 2.0540000000000003
15.5185 19.169 9.8345 4.1 1.0103 1.718 1.757 2.003
15.126499999999998 20.002000000000002 9.761 4.136 1.0096 1.778 1.769 1.952
15.052999999999999 19.6835 10.1775 4.164 1.0111 1.784 1.817 2.051
15.0285 20.0755 9.663 4.138 1.0093 1.85 1.841 1.988
15.3225 20.002000000000002 9.761 4.058 1.0081 1.817 1.814 1.9939999999999998
14.955 19.7815 9.638499999999999 4.176 1.0076 1.742 1.76 1.964
15.494 19.7325 10.0795 4.0920000000000005 1.0099 1.709 1.736 1.964
15.3225 19.5365 9.81 4.104 1.0119 1.775 1.769 1.9459999999999997
14.905999999999999 19.9775 9.908 4.118 1.0082 1.856 1.838 2.0060000000000002
15.224499999999999 19.7325 9.9325 4.1 1.0095 1.79 1.772 1.943
15.395999999999999 19.879500000000004 9.957 4.14 1.0164 1.799 1.817 2.0540000000000003
15.5185 19.879500000000004 9.81 4.1240000000000006 1.0141 1.6880000000000002 1.751 1.9939999999999998
15.224499999999999 19.9775 9.9815 4.0920000000000005 1.0083 1.811 1.808 1.979
15.3225 19.8305 9.859 4.07 1.0063 1.805 1.802 1.9729999999999999
15.101999999999999 19.904 10.006 4.054 1.0065 1.835 1.835 2.0540000000000003
15.4695 19.6835 9.908 4.07 1.009 1.778 1.772 1.9489999999999998
15.0285 20.0755 9.663 4.134 1.0111 1.718 1.769 2.024
15.4695 19.9285 9.8345 4.08 1.01 1.85 1.838 1.9969999999999999
14.955 20.296000000000003 9.761 4.132 1.012 1.757 1.766 1.9849999999999999
15.052999999999999 19.708000000000002 10.0305 4.132 1.0078 1.76 1.775 1.9939999999999998
15.4205 19.512 9.9325 4.13 1.0127 1.763 1.757 1.9609999999999999
15.445 19.757 10.006 4.112 1.012 1.76 1.757 1.967
15.3225 19.512 9.957 4.08 1.0088 1.82 1.817 2.024
15.347 19.8305 9.957 4.0760000000000005 1.0108 1.817 1.814 1.9969999999999999
15.494 19.9285 9.8345 4.07 1.0096 1.775 1.799 2.021
15.298 19.5855 9.9815 4.154 1.0134 1.76 1.799 2.036
15.224499999999999 19.806 9.859 4.074 1.0097 1.79 1.79 2.0060000000000002
15.347 19.3895 9.8835 4.074 1.0101 1.754 1.763 1.979
15.0285 19.9285 9.9325 4.224 1.0138 1.796 1.79 1.991
15.347 20.2225 10.006 4.084 1.0086 1.778 1.772 1.9489999999999998
15.347 19.7815 10.006 4.0280000000000005 1.0041 1.862 1.832 1.9580000000000002
15.6165 19.6835 9.81 4.072 1.0102 1.7449999999999999 1.766 1.9849999999999999
15.298 19.904 9.8835 4.136 1.0152 1.799 1.778 1.967
15.4695 19.8305 9.859 4.054 1.0076 1.748 1.751 1.9489999999999998
15.543 19.438499999999998 9.736500000000001 4.074 1.0094 1.748 1.757 1.9609999999999999
15.0285 19.7815 9.516 4.136 1.0101 1.802 1.814 2.024
15.6165 20.051000000000002 10.104000000000001 4.104 1.011 1.757 1.751 1.952
15.347 19.904 10.202 4.146 1.0143 1.814 1.796 1.94
15.3715 19.9285 9.736500000000001 4.102 1.0139 1.856 1.838 1.988
15.347 19.5365 9.957 4.154 1.0164 1.82 1.814 2.024
15.347 19.8305 9.8835 4.078 1.008 1.805 1.808 1.979
15.248999999999999 19.634500000000003 9.761 4.112 1.0078 1.748 1.754 1.955
15.4205 20.149 9.859 4.058 1.0097 1.853 1.844 2.015
15.1755 19.757 9.8345 4.184 1.0152 1.757 1.784 2.024
15.052999999999999 19.9775 9.6875 4.12 1.0128 1.763 1.7449999999999999 1.943
15.4695 19.904 9.957 4.15 1.0153 1.769 1.769 1.9820000000000002
15.273499999999999 19.659 9.736500000000001 4.2 1.0169 1.82 1.811 1.9820000000000002
15.248999999999999 19.879500000000004 9.957 4.098 1.0106 1.826 1.808 1.9939999999999998
15.543 19.904 9.908 4.07 1.0093 1.778 1.793 2.0
15.4695 19.879500000000004 9.8345 4.046 1.0071 1.799 1.82 2.033
15.2 19.8305 9.957 4.082 1.0084 1.763 1.766 1.979
15.0775 19.708000000000002 9.663 4.136 1.0098 1.751 1.76 1.967
15.494 19.438499999999998 9.785499999999999 4.146 1.0112 1.757 1.772 1.9849999999999999
15.151 19.953000000000003 9.8835 4.138 1.0139 1.823 1.817 2.018
15.248999999999999 19.61 9.908 4.112 1.0096 1.775 1.79 2.027
15.273499999999999 19.9285 10.006 4.1080000000000005 1.0132 1.838 1.835 2.0540000000000003
15.543 19.879500000000004 9.785499999999999 4.138 1.0169 1.817 1.802 1.9369999999999998
15.3225 19.806 9.859 4.086 1.0093 1.856 1.85 2.0300000000000002
15.445 19.8305 9.736500000000001 4.08 1.014 1.757 1.769 1.988
15.101999999999999 19.5855 9.8345 4.248 1.0155 1.817 1.829 2.0300000000000002
15.151 19.855 9.908 4.132 1.0124 1.82 1.82 2.021
15.347 19.5855 9.9325 4.178 1.0183 1.757 1.76 1.9729999999999999
15.935 19.316 9.81 4.054 1.0065 1.805 1.817 2.027
15.052999999999999 19.438499999999998 9.5405 4.21 1.0139 1.844 1.841 1.988
15.4695 19.7815 9.6875 4.046 1.0102 1.757 1.772 1.9969999999999999
15.4205 20.173500000000004 9.6875 4.04 1.0087 1.814 1.835 2.0540000000000003
15.861500000000001 19.267 9.8345 4.098 1.0138 1.7000000000000002 1.742 1.9729999999999999
15.395999999999999 19.708000000000002 9.8835 4.07 1.0097 1.796 1.79 1.9969999999999999
15.3715 19.708000000000002 9.908 4.128 1.0126 1.748 1.748 1.94
15.0775 19.904 9.957 4.228 1.0181 1.829 1.814 2.009
15.347 19.7815 9.9815 4.0920000000000005 1.0092 1.865 1.829 1.9459999999999997
15.395999999999999 19.855 10.006 4.074 1.0079 1.7120000000000002 1.724 1.952
15.248999999999999 19.659 9.8345 4.144 1.0099 1.775 1.802 2.036
15.395999999999999 19.463 9.908 4.17 1.0165 1.793 1.778 1.9609999999999999
15.3715 19.9285 9.859 4.05 1.0067 1.799 1.817 2.021
15.445 19.806 9.736500000000001 4.064 1.0127 1.826 1.826 2.036
15.0775 19.8305 10.202 4.136 1.0122 1.76 1.775 1.991
15.5185 19.855 9.9325 4.09 1.0128 1.751 1.787 2.012
15.3225 19.61 9.761 4.088 1.0059 1.736 1.769 1.9969999999999999
15.5675 19.463 10.202 4.082 1.0125 1.793 1.778 1.967
15.3715 19.634500000000003 9.9815 4.0760000000000005 1.0106 1.763 1.748 1.94
15.6165 19.561 9.6875 4.072 1.0097 1.847 1.847 2.024
15.592 19.708000000000002 9.6875 4.024 1.0084 1.826 1.808 1.976
15.0775 19.7815 9.663 4.168 1.0133 1.763 1.748 1.94
15.224499999999999 19.634500000000003 9.761 4.0920000000000005 1.0050000000000001 1.76 1.769 1.979
15.3715 19.8305 9.8345 4.078 1.0087 1.6880000000000002 1.7209999999999999 1.943
15.052999999999999 19.561 9.859 4.176 1.0104 1.757 1.76 1.952
15.0775 20.051000000000002 9.761 4.116 1.0139 1.793 1.79 2.003
15.224499999999999 20.026500000000002 9.9815 4.094 1.0125 1.7120000000000002 1.7209999999999999 1.943
15.543 19.7325 10.0305 4.138 1.0132 1.757 1.769 1.9849999999999999
15.248999999999999 20.173500000000004 9.81 4.068 1.0092 1.811 1.829 2.027
15.052999999999999 19.5855 9.761 4.208 1.0147 1.826 1.811 1.988
15.0775 19.5365 9.761 4.198 1.0143 1.76 1.769 1.9820000000000002
15.298 19.5365 9.859 4.202 1.0159 1.757 1.751 1.952
15.347 20.149 9.8835 4.1240000000000006 1.0170000000000001 1.856 1.835 1.991
15.494 19.1935 9.81 4.098 1.0122 1.775 1.799 2.036
15.273499999999999 19.8305 9.8835 4.104 1.0086 1.793 1.793 2.012
15.641 19.61 9.712 4.04 1.0082 1.7030000000000003 1.778 2.0300000000000002
15.4695 19.855 9.785499999999999 4.042 1.0078 1.775 1.784 1.979
15.0775 19.6835 9.736500000000001 4.164 1.0138 1.7030000000000003 1.7329999999999999 1.9609999999999999
15.0775 19.9285 9.712 4.23 1.0146 1.847 1.844 1.991
15.4205 19.806 10.104000000000001 4.082 1.0073 1.79 1.79 1.991
14.979499999999998 20.2715 9.736500000000001 4.212 1.0142 1.742 1.796 2.0300000000000002
15.347 19.634500000000003 9.9325 4.128 1.0154 1.7120000000000002 1.754 2.0
15.151 20.002000000000002 9.8345 4.128 1.0083 1.769 1.775 1.9580000000000002
15.3225 19.855 9.8345 4.084 1.0164 1.802 1.784 1.976
15.4205 19.61 9.9325 4.096 1.0115 1.817 1.817 2.027
15.395999999999999 19.9775 9.6875 4.07 1.008 1.805 1.832 2.057
15.2 20.1 9.859 4.062 1.0093 1.811 1.808 1.967
15.2 19.6835 9.712 4.1 1.0102 1.862 1.844 2.021
