[0.9218643412268099 0.01862559445549779 -0.005845044975190043 -0.0002784764540901085 0.004474815771498797 -0.00016308218966867193; 0.01862559445549779 0.5224139880866602 0.005634158912467792 -0.0005600608850230604 -0.022741443682786053 -0.0008432257282191052; -0.005845044975190043 0.005634158912467792 0.0011562422930255654 5.3429188717913244e-5 -0.002251818374866492 -6.985162710226486e-5; -0.0002784764540901085 -0.0005600608850230604 5.3429188717913244e-5 6.439821608656684e-6 -0.0001001374692263437 -2.920547950319559e-6; 0.004474815771498797 -0.022741443682786053 -0.002251818374866492 -0.0001001374692263437 0.005549446122073822 0.00015269725154930976; -0.00016308218966867193 -0.0008432257282191052 -6.985162710226486e-5 -2.920547950319559e-6 0.00015269725154930976 6.087879049574138e-6]
