10.006 15.2 19.561 4.114 1.006 1.9969999999999999 1.724 1.766
9.8345 15.248999999999999 20.051000000000002 4.118 1.0114 1.9729999999999999 1.793 1.784
10.1285 15.4695 19.5365 4.1080000000000005 1.0078 1.991 1.772 1.787
9.81 15.273499999999999 19.7815 4.186 1.0148 1.9609999999999999 1.769 1.763
9.8345 15.273499999999999 19.757 4.122 1.0079 1.9369999999999998 1.769 1.76
10.006 15.0775 19.904 4.1240000000000006 1.0092 2.021 1.763 1.784
9.785499999999999 15.445 19.463 4.0760000000000005 1.0091 2.021 1.7030000000000003 1.766
9.9815 15.3225 19.7815 4.184 1.0146 1.9699999999999998 1.757 1.76
9.736500000000001 15.273499999999999 19.879500000000004 4.11 1.0089 2.0 1.769 1.787
9.957 15.445 19.340500000000002 4.114 1.0098 1.991 1.7389999999999999 1.76
9.908 15.4695 19.2915 4.154 1.0155 1.9729999999999999 1.748 1.757
9.785499999999999 15.224499999999999 19.879500000000004 4.14 1.0099 1.952 1.757 1.763
9.761 15.224499999999999 19.365 4.1259999999999994 1.0106 2.0060000000000002 1.7120000000000002 1.76
9.9815 15.004 20.002000000000002 4.152 1.0096 1.9939999999999998 1.718 1.763
9.81 15.273499999999999 20.026500000000002 4.13 1.0109 1.9849999999999999 1.7449999999999999 1.76
9.712 15.1755 19.512 4.1899999999999995 1.0157 2.036 1.673 1.76
9.9325 15.298 19.8305 4.104 1.0085 2.015 1.7269999999999999 1.766
9.761 15.248999999999999 19.6835 4.112 1.0082 2.021 1.685 1.763
9.8835 15.248999999999999 19.806 4.1739999999999995 1.0174 2.015 1.724 1.763
9.736500000000001 15.4205 19.5855 4.104 1.01 1.9489999999999998 1.742 1.7449999999999999
10.006 15.224499999999999 19.879500000000004 4.176 1.0139 1.9939999999999998 1.706 1.7449999999999999
9.8345 15.2 19.61 4.106 1.0097 2.012 1.6909999999999998 1.757
9.8835 15.1755 19.61 4.114 1.0059 1.964 1.7000000000000002 1.742
9.9325 15.126499999999998 19.512 4.12 1.0112 1.952 1.769 1.76
9.761 15.395999999999999 19.438499999999998 4.138 1.0122 1.9369999999999998 1.802 1.784
9.9815 15.126499999999998 19.6835 4.2059999999999995 1.016 1.979 1.73 1.742
10.006 15.248999999999999 19.365 4.1419999999999995 1.0092 2.024 1.757 1.79
10.1285 15.224499999999999 19.708000000000002 4.134 1.0109 2.003 1.736 1.766
9.9325 15.248999999999999 19.904 4.1739999999999995 1.0134 2.009 1.7120000000000002 1.766
10.0795 15.273499999999999 19.8305 4.178 1.0134 2.024 1.7030000000000003 1.766
9.908 15.298 19.9775 4.18 1.0135 1.9939999999999998 1.7000000000000002 1.754
9.761 15.248999999999999 19.512 4.102 1.0084 1.967 1.742 1.763
9.957 15.3225 20.026500000000002 4.176 1.0118 1.9459999999999997 1.748 1.754
9.81 15.4695 19.414 4.102 1.0074 1.967 1.748 1.763
9.9325 15.5185 19.3895 4.136 1.0121 1.991 1.766 1.787
9.712 15.273499999999999 19.8305 4.12 1.0082 1.9609999999999999 1.781 1.79
9.908 15.395999999999999 19.7815 4.086 1.0091 2.012 1.697 1.751
10.0305 15.347 19.659 4.138 1.0101 2.009 1.6790000000000003 1.757
9.8835 15.224499999999999 19.855 4.148 1.0107 2.024 1.6909999999999998 1.76
9.908 15.052999999999999 19.757 4.128 1.0075 1.967 1.7449999999999999 1.757
10.104000000000001 15.248999999999999 19.9775 4.192 1.0142 1.9820000000000002 1.7120000000000002 1.742
9.8345 15.4205 19.708000000000002 4.118 1.0081 1.9489999999999998 1.799 1.787
9.9815 15.4205 19.561 4.1579999999999995 1.0104 1.9369999999999998 1.802 1.784
9.8835 15.4205 19.169 4.132 1.0113 1.9340000000000002 1.766 1.76
9.6875 15.2 19.8305 4.0920000000000005 1.0104 1.9699999999999998 1.73 1.7389999999999999
9.663 15.2 19.806 4.184 1.0136 1.94 1.778 1.766
9.9325 15.298 19.757 4.182 1.0145 1.967 1.7269999999999999 1.7389999999999999
9.9325 15.5185 19.267 4.088 1.0105 1.991 1.7449999999999999 1.763
9.908 15.101999999999999 19.561 4.144 1.0089 1.9699999999999998 1.73 1.754
9.957 15.248999999999999 19.953000000000003 4.128 1.0088 1.943 1.769 1.763
9.8835 15.273499999999999 20.002000000000002 4.0920000000000005 1.008 1.952 1.772 1.76
9.712 15.273499999999999 19.561 4.138 1.0112 2.018 1.76 1.787
9.9815 15.347 19.708000000000002 4.118 1.0094 1.9459999999999997 1.772 1.763
9.81 15.1755 19.9285 4.176 1.0139 2.0 1.736 1.763
9.908 15.298 19.757 4.14 1.0092 1.976 1.754 1.769
9.712 15.2 19.634500000000003 4.14 1.0097 1.9699999999999998 1.7449999999999999 1.76
9.8835 15.3225 20.1245 4.112 1.0079 1.928 1.742 1.7449999999999999
10.104000000000001 15.273499999999999 19.953000000000003 4.14 1.0104 1.9820000000000002 1.754 1.766
9.663 15.4205 19.6835 4.148 1.011 1.964 1.7120000000000002 1.7449999999999999
9.957 15.101999999999999 19.757 4.21 1.0146 2.0060000000000002 1.73 1.766
9.81 15.273499999999999 19.9775 4.15 1.0121 1.991 1.658 1.7449999999999999
9.8345 15.3225 19.8305 4.098 1.0085 1.979 1.757 1.766
9.761 15.347 19.2915 4.13 1.0079 1.9849999999999999 1.6909999999999998 1.754
10.1285 15.1755 20.491999999999997 4.096 1.0073 1.9459999999999997 1.802 1.784
10.0305 15.298 19.365 4.102 1.0073 1.9459999999999997 1.772 1.763
9.8835 15.151 19.144499999999997 4.2059999999999995 1.0138 2.003 1.766 1.784
10.153 15.445 19.340500000000002 4.152 1.0135 2.0060000000000002 1.7149999999999999 1.763
9.736500000000001 15.3225 19.806 4.0760000000000005 1.0094 2.0 1.748 1.763
9.6875 15.248999999999999 19.904 4.09 1.0092 1.976 1.76 1.76
10.0305 15.224499999999999 19.953000000000003 4.188 1.0139 2.015 1.685 1.76
10.0305 15.273499999999999 19.6835 4.112 1.0072 1.991 1.697 1.754
9.859 15.248999999999999 20.0755 4.1080000000000005 1.0073 1.9820000000000002 1.742 1.76
10.055 15.101999999999999 19.7325 4.154 1.0111 1.952 1.742 1.7449999999999999
9.9325 15.298 19.904 4.176 1.0137 1.9939999999999998 1.709 1.7449999999999999
9.761 15.445 19.512 4.102 1.0115 1.979 1.769 1.763
9.81 15.1755 19.634500000000003 4.166 1.0149 1.772 1.757 1.766
9.9325 15.224499999999999 19.659 4.114 1.0078 1.9459999999999997 1.775 1.766
9.761 15.248999999999999 19.855 4.072 1.0084 1.9849999999999999 1.79 1.784
9.663 15.0285 19.5365 4.1240000000000006 1.008 1.9820000000000002 1.7449999999999999 1.76
9.712 15.224499999999999 19.757 4.1739999999999995 1.014 1.9699999999999998 1.769 1.763
9.663 15.2 19.3895 4.154 1.0128 1.979 1.793 1.784
9.9815 15.4205 19.3895 4.084 1.0085 2.015 1.772 1.784
10.202 15.101999999999999 19.6835 4.116 1.0097 2.012 1.7030000000000003 1.748
9.859 15.224499999999999 19.855 4.118 1.0073 1.964 1.787 1.784
9.712 15.445 19.218 4.132 1.0122 2.003 1.697 1.754
9.785499999999999 15.1755 19.806 4.122 1.0078 1.967 1.7329999999999999 1.754
9.957 15.395999999999999 19.659 4.15 1.0119 1.955 1.748 1.751
9.638499999999999 15.298 19.561 4.122 1.0096 1.9699999999999998 1.766 1.766
9.81 15.273499999999999 19.365 4.154 1.0122 1.9609999999999999 1.772 1.766
10.0305 15.224499999999999 19.9775 4.12 1.0113 2.024 1.754 1.784
9.8835 15.347 20.026500000000002 4.0760000000000005 1.0061 1.943 1.757 1.751
9.712 15.4205 19.316 4.136 1.0128 2.024 1.637 1.754
10.006 15.395999999999999 19.61 4.148 1.0118 1.9580000000000002 1.757 1.76
10.0305 15.248999999999999 19.659 4.184 1.0137 2.012 1.772 1.784
9.957 15.273499999999999 19.6835 4.178 1.0135 1.964 1.799 1.787
9.9325 14.955 20.051000000000002 4.194 1.0143 1.964 1.754 1.757
10.104000000000001 15.2 19.463 4.188 1.0137 1.9939999999999998 1.751 1.76
9.8835 15.543 19.169 4.128 1.012 2.0 1.685 1.751
9.908 15.151 19.4875 4.22 1.0145 2.024 1.7030000000000003 1.763
10.0305 15.395999999999999 19.512 4.11 1.0092 1.94 1.748 1.7449999999999999
9.859 15.1755 19.634500000000003 4.12 1.01 1.9729999999999999 1.754 1.76
9.908 15.395999999999999 19.5365 4.116 1.0087 1.979 1.73 1.754
10.0305 15.3225 19.340500000000002 4.144 1.0122 1.979 1.7269999999999999 1.742
9.6875 15.4695 19.340500000000002 4.1 1.0069 1.9969999999999999 1.772 1.79
9.8835 15.224499999999999 19.5855 4.102 1.0077 2.024 1.757 1.784
9.736500000000001 15.298 19.316 4.16 1.0124 1.952 1.748 1.751
9.761 15.273499999999999 19.708000000000002 4.13 1.0083 1.931 1.757 1.754
9.8835 14.979499999999998 20.051000000000002 4.178 1.0102 1.976 1.7149999999999999 1.742
9.9325 15.1755 19.953000000000003 4.146 1.0099 1.9849999999999999 1.7269999999999999 1.751
9.859 15.273499999999999 19.463 4.104 1.0107 1.967 1.751 1.754
10.0795 15.445 19.463 4.104 1.0088 1.9969999999999999 1.772 1.784
9.859 15.273499999999999 19.9285 4.104 1.006 1.9459999999999997 1.748 1.754
10.0795 15.126499999999998 19.5855 4.21 1.0159 1.9939999999999998 1.796 1.784
9.9325 15.4205 19.340500000000002 4.152 1.0123 2.018 1.709 1.769
9.8835 15.273499999999999 19.757 4.0920000000000005 1.0096 2.033 1.706 1.766
9.8835 15.4695 19.708000000000002 4.116 1.0128 2.024 1.748 1.787
10.0305 15.126499999999998 19.879500000000004 4.216 1.0149 1.952 1.7389999999999999 1.7449999999999999
9.908 15.224499999999999 19.6835 4.104 1.0077 1.9939999999999998 1.73 1.754
9.9325 15.395999999999999 19.4875 4.132 1.0082 2.0 1.748 1.787
10.006 15.052999999999999 20.247000000000003 4.122 1.0058 1.955 1.757 1.763
9.8345 15.248999999999999 19.757 4.152 1.0106 1.988 1.6669999999999998 1.7449999999999999
9.81 15.052999999999999 20.051000000000002 4.146 1.0058 1.9699999999999998 1.7209999999999999 1.76
9.9325 15.347 19.61 4.094 1.0084 2.003 1.772 1.781
9.761 15.2 20.394000000000002 4.1739999999999995 1.0143 1.967 1.793 1.787
9.785499999999999 15.273499999999999 19.316 4.128 1.008 1.979 1.7269999999999999 1.754
10.104000000000001 15.3225 19.9775 4.11 1.0058 1.9969999999999999 1.697 1.754
9.8835 15.4205 19.414 4.122 1.0092 1.9820000000000002 1.646 1.7449999999999999
9.8835 15.248999999999999 19.757 4.128 1.0089 1.9340000000000002 1.802 1.784
9.9815 15.298 19.2915 4.132 1.0109 1.979 1.7269999999999999 1.751
10.0795 15.273499999999999 19.7815 4.15 1.0099 1.952 1.799 1.784
9.81 15.248999999999999 19.634500000000003 4.13 1.0083 2.0 1.7030000000000003 1.754
10.006 15.151 19.5365 4.2219999999999995 1.0143 2.009 1.7329999999999999 1.766
10.006 15.395999999999999 19.659 4.118 1.0113 1.9849999999999999 1.73 1.754
9.761 15.298 19.7325 4.084 1.0078 1.943 1.748 1.742
9.8345 15.273499999999999 19.708000000000002 4.09 1.0077 1.967 1.76 1.76
9.712 15.2 19.8305 4.154 1.0091 1.928 1.754 1.754
9.8835 15.298 20.0755 4.12 1.0076 1.988 1.76 1.766
9.9815 15.273499999999999 20.026500000000002 4.144 1.0088 2.018 1.757 1.784
10.006 15.445 19.5365 4.116 1.0091 1.9369999999999998 1.781 1.766
9.761 15.224499999999999 19.7815 4.13 1.0089 1.9609999999999999 1.796 1.784
9.8835 15.248999999999999 19.61 4.1419999999999995 1.009 1.9939999999999998 1.568 1.7449999999999999
9.663 15.224499999999999 19.414 4.162 1.0130000000000001 1.9459999999999997 1.781 1.766
9.957 15.4695 19.414 4.144 1.0103 1.9340000000000002 1.742 1.7449999999999999
10.1775 15.1755 19.463 4.216 1.0152 1.9459999999999997 1.757 1.751
10.055 15.3225 19.634500000000003 4.13 1.0116 1.9489999999999998 1.769 1.76
10.006 15.273499999999999 20.1245 4.1259999999999994 1.0141 1.9699999999999998 1.748 1.754
9.785499999999999 15.224499999999999 19.512 4.114 1.0105 2.0300000000000002 1.7000000000000002 1.769
9.8835 15.151 19.61 4.192 1.0131000000000001 1.9969999999999999 1.7030000000000003 1.754
9.6875 15.248999999999999 19.5855 4.098 1.0091 1.9939999999999998 1.784 1.784
9.785499999999999 15.248999999999999 19.7325 4.168 1.0147 1.9489999999999998 1.7449999999999999 1.7449999999999999
9.785499999999999 15.273499999999999 19.806 4.13 1.0137 2.027 1.706 1.766
10.104000000000001 15.052999999999999 20.002000000000002 4.14 1.009 2.0 1.718 1.76
10.006 15.2 19.708000000000002 4.1579999999999995 1.0117 2.0 1.772 1.787
9.908 15.298 19.953000000000003 4.14 1.0108 1.9369999999999998 1.775 1.766
9.8835 15.4205 19.2915 4.068 1.008 2.0 1.697 1.754
10.1285 15.273499999999999 19.8305 4.134 1.0105 2.021 1.709 1.766
9.81 15.3225 19.659 4.13 1.012 1.967 1.799 1.787
9.859 15.1755 19.438499999999998 4.184 1.0132 1.9969999999999999 1.766 1.784
10.0305 15.2 19.879500000000004 4.1899999999999995 1.0146 2.003 1.694 1.754
10.006 15.151 19.7325 4.198 1.0126 2.018 1.6909999999999998 1.76
10.0305 15.224499999999999 19.7325 4.14 1.0099 1.9699999999999998 1.742 1.763
9.957 15.5185 19.3895 4.1 1.0093 1.991 1.7030000000000003 1.748
9.8835 15.4695 19.463 4.096 1.0101 1.979 1.7149999999999999 1.742
9.8835 15.1755 20.173500000000004 4.128 1.0086 1.931 1.778 1.763
9.8345 15.248999999999999 19.6835 4.098 1.0076 1.952 1.805 1.784
9.9815 15.0285 19.8305 4.204 1.0145 1.9699999999999998 1.7329999999999999 1.742
9.663 15.224499999999999 19.316 4.198 1.0162 2.009 1.718 1.76
9.785499999999999 15.248999999999999 19.879500000000004 4.106 1.0087 1.94 1.781 1.766
9.9815 15.3715 19.3895 4.114 1.0088 2.0060000000000002 1.6790000000000003 1.76
10.0305 15.151 19.855 4.224 1.0143 2.0060000000000002 1.7269999999999999 1.766
9.908 15.248999999999999 19.9285 4.084 1.0068 1.988 1.787 1.787
9.8835 15.273499999999999 19.4875 4.1240000000000006 1.009 2.0 1.775 1.784
9.8835 15.101999999999999 19.438499999999998 4.1739999999999995 1.0102 1.943 1.772 1.766
10.0305 15.2 20.0755 4.182 1.0143 1.988 1.7449999999999999 1.76
10.006 15.151 19.634500000000003 4.132 1.0073 1.9820000000000002 1.7329999999999999 1.766
10.153 15.273499999999999 19.5855 4.1739999999999995 1.014 2.015 1.6790000000000003 1.76
10.055 15.445 19.414 4.114 1.0094 1.9820000000000002 1.751 1.76
9.81 15.445 19.659 4.082 1.0085 2.009 1.772 1.787
9.736500000000001 15.298 19.316 4.122 1.0078 1.9369999999999998 1.7389999999999999 1.742
10.0305 15.3715 19.879500000000004 4.1080000000000005 1.0083 1.976 1.754 1.766
9.8835 15.224499999999999 19.855 4.14 1.0125 1.9489999999999998 1.778 1.769
9.8835 15.3225 19.708000000000002 4.096 1.0078 1.943 1.742 1.7449999999999999
10.104000000000001 15.273499999999999 19.9285 4.17 1.0173 1.9939999999999998 1.742 1.76
9.957 15.273499999999999 19.708000000000002 4.146 1.0078 1.94 1.742 1.7449999999999999
9.8835 15.248999999999999 19.7325 4.17 1.0156 2.018 1.7000000000000002 1.751
9.9815 15.347 19.806 4.086 1.0069 1.9609999999999999 1.751 1.754
10.055 15.248999999999999 19.879500000000004 4.192 1.0158 1.991 1.706 1.7449999999999999
10.0305 15.347 19.438499999999998 4.118 1.0097 1.9489999999999998 1.7449999999999999 1.742
9.81 15.298 19.708000000000002 4.1579999999999995 1.0167 2.003 1.7449999999999999 1.76
9.81 15.347 19.5855 4.138 1.0141 1.9489999999999998 1.7389999999999999 1.7449999999999999
9.736500000000001 15.298 19.7325 4.138 1.0116 1.9699999999999998 1.751 1.766
9.908 15.248999999999999 20.1 4.152 1.007 1.928 1.7389999999999999 1.7449999999999999
9.9815 15.0775 19.806 4.114 1.0078 1.9849999999999999 1.73 1.754
9.8835 15.4695 19.5365 4.0920000000000005 1.0085 2.012 1.7209999999999999 1.757
10.0305 15.347 19.5365 4.1579999999999995 1.0114 1.9820000000000002 1.7329999999999999 1.769
9.81 15.224499999999999 19.8305 4.118 1.0068 1.988 1.7329999999999999 1.766
9.638499999999999 15.445 19.512 4.09 1.0071 2.0 1.697 1.754
9.8835 15.0775 19.9285 4.204 1.0155 1.9729999999999999 1.73 1.742
10.1775 15.445 19.4875 4.152 1.0144 1.9699999999999998 1.796 1.787
9.9325 15.4205 19.757 4.088 1.0093 2.0060000000000002 1.748 1.769
9.908 15.224499999999999 20.149 4.178 1.0138 1.94 1.757 1.754
9.761 15.298 19.879500000000004 4.118 1.009 1.9580000000000002 1.73 1.754
9.785499999999999 15.298 19.3895 4.116 1.0116 1.9459999999999997 1.769 1.76
9.957 15.494 19.218 4.128 1.0126 1.967 1.751 1.757
10.0305 15.273499999999999 19.61 4.178 1.0138 1.943 1.808 1.787
9.81 15.248999999999999 19.806 4.1 1.0105 2.0060000000000002 1.697 1.754
9.9325 15.248999999999999 19.708000000000002 4.132 1.0088 1.964 1.7269999999999999 1.7449999999999999
9.736500000000001 15.151 19.6835 4.134 1.0082 1.9369999999999998 1.802 1.787
10.0305 15.248999999999999 19.9285 4.176 1.0109 1.967 1.7030000000000003 1.742
9.8835 15.248999999999999 19.659 4.112 1.009 2.0060000000000002 1.7449999999999999 1.76
9.8345 15.224499999999999 19.855 4.166 1.0097 1.9820000000000002 1.7000000000000002 1.754
9.81 15.2 19.463 4.144 1.0098 2.012 1.7000000000000002 1.766
9.859 15.445 19.512 4.146 1.0119 1.9609999999999999 1.73 1.742
9.859 15.298 19.634500000000003 4.106 1.0074 1.9489999999999998 1.76 1.76
9.859 15.224499999999999 19.806 4.1259999999999994 1.0103 1.988 1.7449999999999999 1.763
10.0305 15.224499999999999 19.414 4.1899999999999995 1.0133 2.0 1.694 1.754
10.055 15.248999999999999 19.904 4.106 1.0073 1.9459999999999997 1.76 1.754
9.81 15.1755 19.8305 4.118 1.0089 1.9820000000000002 1.736 1.7449999999999999
10.0795 15.248999999999999 19.5855 4.09 1.0066 1.964 1.73 1.7449999999999999
10.006 15.101999999999999 19.904 4.148 1.007 1.928 1.778 1.766
9.9325 15.224499999999999 19.9285 4.14 1.0086 1.964 1.7120000000000002 1.7449999999999999
10.0795 15.273499999999999 19.414 4.18 1.0137 1.967 1.796 1.79
10.006 15.298 19.9285 4.148 1.0097 1.9849999999999999 1.7389999999999999 1.769
10.006 15.4695 19.463 4.078 1.0074 1.9580000000000002 1.742 1.751
9.8835 15.248999999999999 19.8305 4.088 1.0093 1.991 1.751 1.763
9.957 15.273499999999999 19.904 4.0920000000000005 1.0088 2.033 1.6790000000000003 1.757
9.957 15.126499999999998 19.855 4.114 1.008 1.9459999999999997 1.772 1.757
9.785499999999999 15.224499999999999 20.1245 4.098 1.0086 2.018 1.7329999999999999 1.763
9.565 15.248999999999999 19.708000000000002 4.14 1.0073 1.952 1.76 1.766
9.9325 15.2 19.7815 4.208 1.0153 2.027 1.6790000000000003 1.76
10.006 15.494 19.2425 4.11 1.0081 1.9729999999999999 1.694 1.751
9.712 15.494 19.316 4.104 1.0108 2.024 1.6400000000000001 1.754
9.8835 15.224499999999999 19.8305 4.148 1.0119 1.9729999999999999 1.79 1.784
10.1285 15.224499999999999 19.757 4.138 1.0106 2.0 1.775 1.784
9.9815 15.273499999999999 19.6835 4.186 1.0148 1.943 1.799 1.784
10.055 15.298 19.9285 4.118 1.0084 1.94 1.799 1.787
9.6875 15.224499999999999 19.61 4.1 1.0095 1.991 1.7120000000000002 1.742
9.908 15.2 19.5855 4.1080000000000005 1.0101 2.0300000000000002 1.7030000000000003 1.766
10.055 15.4695 19.4875 4.1419999999999995 1.0105 1.9849999999999999 1.694 1.754
10.0305 15.2 19.5855 4.194 1.0134 1.9969999999999999 1.772 1.784
9.9325 15.2 19.904 4.098 1.0046 1.9609999999999999 1.787 1.787
9.957 15.494 19.61 4.116 1.0092 1.9820000000000002 1.7149999999999999 1.76
9.957 15.224499999999999 19.879500000000004 4.184 1.0142 2.003 1.694 1.754
9.9815 15.0285 19.61 4.14 1.0086 1.9729999999999999 1.73 1.754
10.0305 15.298 19.8305 4.102 1.0093 1.9939999999999998 1.742 1.76
9.957 15.273499999999999 19.561 4.112 1.0078 2.0300000000000002 1.757 1.781
10.1775 15.298 19.757 4.07 1.0099 1.955 1.76 1.754
10.0795 15.151 20.1245 4.15 1.0124 1.991 1.7269999999999999 1.769
9.614 15.2 19.6835 4.178 1.0176 1.9580000000000002 1.7449999999999999 1.7449999999999999
9.9325 15.248999999999999 20.198 4.1080000000000005 1.0096 1.955 1.778 1.766
9.9325 15.4695 19.316 4.144 1.0148 1.9939999999999998 1.742 1.76
10.006 15.5185 20.1 4.16 1.0108 1.94 1.757 1.754
9.859 15.0775 19.659 4.1259999999999994 1.0063 2.0 1.73 1.766
9.9815 15.298 19.8305 4.168 1.0148 1.964 1.73 1.7449999999999999
9.663 15.101999999999999 19.659 4.17 1.0107 1.955 1.757 1.76
9.785499999999999 15.2 19.7815 4.136 1.0123 1.943 1.772 1.763
10.0305 15.224499999999999 20.296000000000003 4.172 1.0157 2.003 1.73 1.754
9.859 15.273499999999999 19.5365 4.134 1.0094 1.9340000000000002 1.775 1.766
9.663 15.2 19.8305 4.104 1.0062 1.9939999999999998 1.694 1.754
9.859 15.4695 19.512 4.112 1.0108 1.9849999999999999 1.7120000000000002 1.742
9.785499999999999 15.298 19.8305 4.146 1.0145 2.003 1.7000000000000002 1.751
10.104000000000001 15.224499999999999 20.051000000000002 4.096 1.0082 1.979 1.787 1.781
9.8835 15.395999999999999 19.708000000000002 4.096 1.0084 2.015 1.694 1.766
9.9815 15.248999999999999 20.173500000000004 4.184 1.0162 1.9969999999999999 1.73 1.754
10.006 15.273499999999999 20.026500000000002 4.104 1.0086 1.9459999999999997 1.7449999999999999 1.7449999999999999
9.957 15.273499999999999 19.9285 4.138 1.0115 2.033 1.751 1.784
9.638499999999999 15.2 19.9285 4.184 1.0159 2.039 1.6400000000000001 1.751
9.712 15.224499999999999 19.757 4.172 1.0130000000000001 1.955 1.76 1.76
9.8835 15.4205 19.8305 4.134 1.0123 1.976 1.73 1.757
9.736500000000001 15.224499999999999 19.8305 4.106 1.0072 1.976 1.784 1.787
9.859 15.151 19.7815 4.184 1.0105 1.931 1.754 1.754
9.9815 15.0285 19.953000000000003 4.22 1.0174 2.0 1.706 1.7449999999999999
9.9815 15.101999999999999 19.5855 4.11 1.0098 1.955 1.766 1.763
9.8345 15.3715 19.365 4.102 1.0112 1.964 1.796 1.787
10.104000000000001 15.298 19.9775 4.146 1.0108 1.9369999999999998 1.775 1.763
9.859 15.273499999999999 19.365 4.138 1.0112 1.976 1.754 1.763
9.736500000000001 15.1755 19.708000000000002 4.178 1.0130000000000001 1.991 1.7389999999999999 1.766
9.9815 15.101999999999999 19.708000000000002 4.12 1.0092 1.991 1.748 1.763
9.9325 15.273499999999999 19.904 4.1419999999999995 1.0082 1.9849999999999999 1.718 1.76
10.0305 15.0775 19.5365 4.1259999999999994 1.0074 2.024 1.685 1.76
10.055 15.248999999999999 20.1 4.178 1.0150000000000001 1.991 1.742 1.757
9.736500000000001 15.298 19.463 4.164 1.0134 1.94 1.7389999999999999 1.7449999999999999
10.153 15.347 19.757 4.074 1.0109 1.979 1.799 1.784
9.859 15.3225 19.7325 4.146 1.0101 1.976 1.772 1.784
9.9325 15.273499999999999 19.806 4.114 1.0078 1.9969999999999999 1.73 1.766
10.006 15.248999999999999 20.026500000000002 4.144 1.0106 1.952 1.7449999999999999 1.742
9.761 15.224499999999999 19.7815 4.0920000000000005 1.0088 1.979 1.793 1.784
9.9325 15.248999999999999 19.708000000000002 4.134 1.009 1.9729999999999999 1.7209999999999999 1.751
9.81 15.4205 19.5365 4.074 1.0058 1.976 1.754 1.766
10.0305 15.298 19.267 4.162 1.0117 1.979 1.784 1.784
9.736500000000001 15.347 19.5855 4.164 1.0118 1.979 1.742 1.76
9.957 15.004 19.9285 4.156 1.012 2.027 1.751 1.784
9.761 15.2 19.5855 4.13 1.0058 1.988 1.6640000000000001 1.7449999999999999
9.9325 15.543 19.2425 4.102 1.0079 1.9699999999999998 1.724 1.754
9.908 15.273499999999999 19.953000000000003 4.15 1.0111 1.94 1.7389999999999999 1.742
10.0795 15.273499999999999 20.002000000000002 4.182 1.0154 2.0060000000000002 1.769 1.787
9.785499999999999 15.248999999999999 19.4875 4.164 1.0101 1.991 1.748 1.784
9.9815 15.4695 19.634500000000003 4.11 1.0062 1.943 1.793 1.784
9.9815 15.151 19.855 4.2 1.0168 1.9729999999999999 1.799 1.781
10.0305 15.347 19.7325 4.172 1.0151000000000001 2.009 1.766 1.784
9.6875 15.248999999999999 19.9775 4.182 1.0159 1.976 1.7449999999999999 1.754
9.81 15.298 19.757 4.148 1.0137 1.9699999999999998 1.724 1.7449999999999999
9.8345 15.4205 19.61 4.13 1.0109 2.0 1.6669999999999998 1.7449999999999999
9.957 15.248999999999999 20.002000000000002 4.144 1.0094 2.009 1.6429999999999998 1.754
10.0305 15.298 20.026500000000002 4.114 1.0084 1.991 1.7449999999999999 1.757
9.957 15.298 19.0465 4.118 1.0092 1.955 1.748 1.742
9.81 15.248999999999999 19.757 4.1 1.0104 1.9969999999999999 1.709 1.742
9.9325 15.298 19.7325 4.1 1.01 2.012 1.7000000000000002 1.754
10.104000000000001 15.445 19.5365 4.106 1.0094 2.003 1.769 1.787
9.736500000000001 15.273499999999999 19.634500000000003 4.104 1.0118 2.012 1.7149999999999999 1.76
9.81 15.1755 19.7325 4.102 1.0067 1.952 1.799 1.784
9.9325 15.248999999999999 19.8305 4.09 1.0068 1.988 1.7449999999999999 1.757
9.9815 15.224499999999999 19.806 4.098 1.0098 1.9729999999999999 1.7269999999999999 1.7449999999999999
9.908 15.298 19.7815 4.132 1.0092 1.9969999999999999 1.6909999999999998 1.76
9.8835 15.004 19.9775 4.166 1.0077 1.9489999999999998 1.751 1.76
9.785499999999999 15.1755 19.659 4.114 1.01 1.976 1.769 1.766
10.0795 15.298 19.9285 4.102 1.0097 1.9820000000000002 1.742 1.754
9.9325 15.3715 19.61 4.1240000000000006 1.0101 1.9729999999999999 1.7449999999999999 1.763
10.1285 15.273499999999999 19.634500000000003 4.17 1.01 1.9939999999999998 1.772 1.79
10.0305 15.273499999999999 19.659 4.1240000000000006 1.0108 1.9849999999999999 1.724 1.754
9.957 15.224499999999999 20.173500000000004 4.106 1.0061 1.9969999999999999 1.7000000000000002 1.766
9.761 15.3225 19.659 4.148 1.0136 1.967 1.7329999999999999 1.7449999999999999
9.859 15.494 19.12 4.128 1.0115 1.964 1.763 1.757
10.0305 15.5185 19.5855 4.096 1.0104 2.027 1.6790000000000003 1.76
9.9815 15.273499999999999 19.9775 4.14 1.0093 1.9969999999999999 1.73 1.766
9.8345 15.273499999999999 19.708000000000002 4.128 1.0112 1.9580000000000002 1.766 1.766
10.0305 15.248999999999999 20.051000000000002 4.13 1.0078 1.952 1.763 1.757
10.055 15.2 19.879500000000004 4.148 1.0121 1.943 1.781 1.769
9.6875 15.248999999999999 19.904 4.14 1.0133 2.018 1.757 1.787
10.055 15.347 19.8305 4.138 1.0111 1.9820000000000002 1.7149999999999999 1.7449999999999999
9.8345 15.004 20.1245 4.16 1.0122 2.018 1.775 1.784
9.859 15.3715 19.634500000000003 4.116 1.0113 1.976 1.7449999999999999 1.76
9.9815 15.298 19.8305 4.094 1.007 1.964 1.793 1.784
9.9325 14.979499999999998 19.806 4.15 1.0088 1.955 1.73 1.742
9.761 15.224499999999999 19.7325 4.184 1.0146 1.9699999999999998 1.7449999999999999 1.751
10.055 15.224499999999999 19.855 4.102 1.009 2.033 1.6189999999999998 1.754
10.006 15.445 19.365 4.1240000000000006 1.0093 1.928 1.757 1.754
9.712 15.004 19.855 4.12 1.007 1.9939999999999998 1.769 1.784
9.712 15.1755 19.463 4.1080000000000005 1.0085 1.9820000000000002 1.787 1.787
9.565 15.1755 19.708000000000002 4.144 1.0109 1.928 1.769 1.763
9.908 15.224499999999999 19.659 4.21 1.0153 2.024 1.757 1.787
9.736500000000001 15.1755 19.7815 4.14 1.0150000000000001 2.024 1.736 1.769
9.736500000000001 15.298 19.5365 4.12 1.0103 1.991 1.7329999999999999 1.766
9.859 15.248999999999999 19.757 4.096 1.0064 1.9729999999999999 1.79 1.784
10.006 15.298 20.149 4.146 1.008 1.952 1.754 1.76
10.006 15.052999999999999 19.8305 4.132 1.0093 1.979 1.748 1.763
9.9325 15.3225 20.173500000000004 4.112 1.0104 1.952 1.802 1.784
9.81 15.1755 19.855 4.184 1.0135 1.955 1.796 1.784
9.9815 14.979499999999998 19.757 4.15 1.0072 1.9849999999999999 1.67 1.742
9.908 15.3225 19.6835 4.118 1.0134 2.009 1.7329999999999999 1.766
9.9325 15.1755 20.1 4.176 1.0146 1.9849999999999999 1.784 1.784
9.9815 15.4205 19.61 4.086 1.0104 1.955 1.802 1.787
9.957 15.298 19.708000000000002 4.1419999999999995 1.0117 1.9699999999999998 1.766 1.766
9.957 15.151 19.4875 4.188 1.0101 2.003 1.751 1.787
10.055 15.0285 19.61 4.198 1.0116 1.9969999999999999 1.775 1.784
9.908 15.298 19.61 4.09 1.0097 1.955 1.772 1.766
9.9325 15.248999999999999 19.512 4.168 1.011 1.964 1.76 1.766
9.908 15.248999999999999 19.757 4.15 1.0106 1.991 1.787 1.784
9.638499999999999 15.224499999999999 19.5365 4.13 1.0091 1.979 1.787 1.787
9.859 15.273499999999999 19.806 4.084 1.0068 1.991 1.778 1.784
9.785499999999999 15.0775 19.708000000000002 4.16 1.0126 2.021 1.7329999999999999 1.766
9.712 15.1755 19.463 4.186 1.0173 1.9699999999999998 1.763 1.766
9.9815 15.543 19.512 4.138 1.0113 1.955 1.7269999999999999 1.7449999999999999
9.785499999999999 15.273499999999999 19.7325 4.14 1.0116 1.991 1.769 1.784
10.055 15.298 19.8305 4.11 1.0086 1.9849999999999999 1.748 1.76
9.908 15.224499999999999 19.806 4.088 1.0089 1.9939999999999998 1.748 1.766
9.908 15.273499999999999 19.463 4.186 1.0156 2.024 1.757 1.784
10.055 15.4695 19.659 4.084 1.0073 1.9459999999999997 1.778 1.766
10.055 15.445 19.855 4.098 1.0116 2.033 1.6760000000000002 1.76
9.9815 15.052999999999999 19.7815 4.192 1.0145 1.988 1.7269999999999999 1.751
9.9325 15.3225 20.026500000000002 4.144 1.0133 1.988 1.751 1.769
10.055 15.151 19.806 4.194 1.0105 1.9609999999999999 1.7120000000000002 1.7449999999999999
9.859 15.052999999999999 19.463 4.144 1.0061 1.964 1.7449999999999999 1.76
9.712 15.273499999999999 19.463 4.122 1.0097 1.979 1.7120000000000002 1.742
10.055 15.347 19.7325 4.1739999999999995 1.016 2.0060000000000002 1.775 1.787
9.8345 15.2 19.659 4.138 1.0130000000000001 1.976 1.751 1.754
9.8345 15.298 19.9285 4.11 1.0102 1.988 1.751 1.769
10.006 15.347 19.5365 4.1579999999999995 1.0115 1.9609999999999999 1.7449999999999999 1.754
10.006 15.273499999999999 19.806 4.144 1.0111 1.94 1.76 1.754
9.9325 15.273499999999999 19.512 4.132 1.0086 1.9609999999999999 1.796 1.784
9.6875 15.395999999999999 19.8305 4.1080000000000005 1.0111 1.9820000000000002 1.79 1.784
9.8345 15.224499999999999 19.806 4.088 1.0069 1.976 1.751 1.766
10.055 15.395999999999999 19.659 4.116 1.0089 1.9580000000000002 1.7329999999999999 1.742
9.761 15.224499999999999 19.7325 4.102 1.0085 2.0 1.7449999999999999 1.763
9.908 15.248999999999999 19.879500000000004 4.1240000000000006 1.0082 1.928 1.805 1.784
9.8345 15.248999999999999 19.806 4.176 1.014 1.964 1.799 1.79
9.81 15.224499999999999 19.5365 4.1579999999999995 1.0101 1.928 1.799 1.787
9.8835 15.494 19.7325 4.118 1.0125 2.009 1.73 1.751
9.638499999999999 15.347 19.5855 4.132 1.0108 1.988 1.769 1.784
9.9815 15.224499999999999 19.9775 4.1419999999999995 1.0084 1.952 1.706 1.7449999999999999
9.8835 15.224499999999999 19.61 4.146 1.0158 2.0 1.79 1.784
9.9325 15.126499999999998 19.7815 4.112 1.0106 1.9939999999999998 1.73 1.751
9.908 15.494 19.340500000000002 4.1080000000000005 1.0091 1.9729999999999999 1.757 1.766
9.957 15.298 19.806 4.134 1.0112 1.9969999999999999 1.724 1.76
9.8835 15.4205 19.5365 4.102 1.0089 1.976 1.7149999999999999 1.742
9.859 15.4205 18.9485 4.16 1.0132 1.9699999999999998 1.751 1.76
9.736500000000001 15.2 19.634500000000003 4.1579999999999995 1.0147 1.988 1.757 1.766
10.055 15.224499999999999 20.051000000000002 4.09 1.009 1.991 1.706 1.748
9.736500000000001 15.273499999999999 19.634500000000003 4.114 1.0087 1.979 1.769 1.784
10.0305 15.298 19.757 4.104 1.0091 1.7389999999999999 1.73 1.742
9.81 15.298 19.463 4.13 1.0093 2.0060000000000002 1.709 1.766
9.908 15.248999999999999 19.8305 4.178 1.0133 1.9580000000000002 1.76 1.76
10.0305 15.151 19.634500000000003 4.134 1.0077 2.012 1.697 1.754
9.8345 15.224499999999999 20.149 4.144 1.0063 1.9729999999999999 1.7449999999999999 1.757
9.859 15.4205 19.414 4.154 1.0105 1.955 1.7449999999999999 1.763
10.0795 15.3715 19.8305 4.11 1.0071 1.9489999999999998 1.7269999999999999 1.7449999999999999
9.8835 15.3225 19.218 4.122 1.0067 1.991 1.661 1.742
10.006 15.273499999999999 19.708000000000002 4.114 1.0088 1.952 1.754 1.751
10.006 15.224499999999999 20.002000000000002 4.154 1.0079 1.9699999999999998 1.7269999999999999 1.751
9.8345 15.273499999999999 19.7815 4.15 1.0096 1.9489999999999998 1.7449999999999999 1.754
9.9325 15.0775 19.634500000000003 4.1739999999999995 1.0104 1.9820000000000002 1.7449999999999999 1.76
9.859 15.298 19.708000000000002 4.11 1.0112 1.9609999999999999 1.742 1.757
10.055 15.298 19.6835 4.14 1.0109 1.9580000000000002 1.742 1.751
9.9815 15.0775 19.757 4.1259999999999994 1.0085 1.991 1.706 1.7449999999999999
9.81 15.101999999999999 19.708000000000002 4.152 1.0098 1.9849999999999999 1.7269999999999999 1.751
9.736500000000001 15.224499999999999 19.9285 4.136 1.0117 2.021 1.709 1.766
10.055 15.298 19.708000000000002 4.148 1.0093 1.967 1.796 1.781
9.9815 15.273499999999999 19.806 4.128 1.0088 1.9459999999999997 1.76 1.76
9.9815 15.298 20.026500000000002 4.178 1.0168 2.018 1.7389999999999999 1.766
9.859 15.543 19.61 4.138 1.0135 1.991 1.724 1.751
9.8345 15.273499999999999 19.561 4.118 1.0085 1.952 1.757 1.769
9.663 15.3225 19.757 4.112 1.0098 1.9849999999999999 1.73 1.754
9.908 15.445 19.5855 4.114 1.0082 1.9729999999999999 1.79 1.784
9.8345 15.2 20.0755 4.112 1.0068 2.012 1.718 1.76
9.9325 15.3225 19.904 4.138 1.0112 1.964 1.7030000000000003 1.7449999999999999
9.6875 15.052999999999999 19.855 4.1240000000000006 1.0113 1.9939999999999998 1.742 1.76
9.736500000000001 15.248999999999999 19.438499999999998 4.1579999999999995 1.01 1.952 1.796 1.784
9.9815 15.298 20.369500000000002 4.1899999999999995 1.0151000000000001 2.0060000000000002 1.73 1.766
9.957 15.347 19.7325 4.102 1.0106 2.0060000000000002 1.6760000000000002 1.742
9.712 15.298 19.4875 4.148 1.0106 1.9939999999999998 1.7120000000000002 1.766
9.9815 15.298 19.8305 4.146 1.0091 1.988 1.772 1.787
9.8345 15.224499999999999 19.5365 4.1240000000000006 1.0086 1.979 1.787 1.787
9.9815 15.273499999999999 19.9285 4.17 1.0136 2.012 1.7209999999999999 1.76
9.9815 15.298 19.6835 4.176 1.0132 1.967 1.754 1.76
9.736500000000001 15.395999999999999 19.3895 4.094 1.0102 2.009 1.6640000000000001 1.7449999999999999
9.957 15.4695 19.3895 4.14 1.0112 1.976 1.787 1.784
9.9815 15.224499999999999 19.365 4.2059999999999995 1.0145 2.0060000000000002 1.736 1.766
9.663 15.3225 19.5855 4.1259999999999994 1.0096 1.967 1.7269999999999999 1.754
9.9325 15.5185 19.3895 4.086 1.0099 2.0300000000000002 1.766 1.784
9.9325 15.395999999999999 19.5365 4.1080000000000005 1.0094 1.9609999999999999 1.766 1.769
9.9325 15.273499999999999 19.879500000000004 4.12 1.0081 1.976 1.73 1.742
9.785499999999999 15.1755 19.757 4.178 1.0168 2.009 1.7000000000000002 1.754
9.8345 15.052999999999999 19.659 4.204 1.0144 1.9459999999999997 1.763 1.754
10.104000000000001 15.224499999999999 19.634500000000003 4.094 1.0079 1.9459999999999997 1.7449999999999999 1.7449999999999999
9.81 15.2 19.855 4.182 1.0157 1.9699999999999998 1.757 1.76
9.908 15.0775 19.953000000000003 4.172 1.0119 1.9459999999999997 1.775 1.766
9.8345 15.543 19.414 4.136 1.0136 2.018 1.754 1.787
10.006 15.224499999999999 19.634500000000003 4.17 1.0112 1.9219999999999997 1.7389999999999999 1.742
10.1285 15.126499999999998 19.659 4.2059999999999995 1.0139 1.964 1.757 1.76
10.006 15.224499999999999 19.9285 4.116 1.0093 1.9939999999999998 1.775 1.784
9.8835 15.3225 19.634500000000003 4.112 1.0081 2.024 1.6520000000000001 1.754
9.957 15.298 19.879500000000004 4.1419999999999995 1.0104 1.9849999999999999 1.7449999999999999 1.763
9.9325 15.3225 19.806 4.144 1.0102 2.0 1.7269999999999999 1.763
10.0305 15.298 19.9775 4.1240000000000006 1.0117 1.9729999999999999 1.7269999999999999 1.7449999999999999
9.908 15.3225 19.8305 4.146 1.012 1.976 1.742 1.76
9.957 15.298 19.561 4.0920000000000005 1.0075 1.9609999999999999 1.766 1.766
9.859 15.248999999999999 19.512 4.106 1.0101 1.9969999999999999 1.751 1.769
9.957 15.3225 19.757 4.08 1.008 2.0060000000000002 1.694 1.751
10.0795 15.273499999999999 19.3895 4.17 1.0109 1.976 1.73 1.754
10.0305 15.298 20.051000000000002 4.106 1.0091 1.943 1.775 1.769
10.104000000000001 15.273499999999999 19.218 4.224 1.0150000000000001 1.9699999999999998 1.7269999999999999 1.7449999999999999
9.785499999999999 15.2 19.953000000000003 4.154 1.0111 1.9580000000000002 1.769 1.766
10.202 15.273499999999999 19.5365 4.098 1.0079 1.9580000000000002 1.775 1.766
9.761 15.248999999999999 19.659 4.144 1.0113 2.021 1.709 1.766
9.761 15.298 19.806 4.112 1.0103 1.9849999999999999 1.7269999999999999 1.754
9.957 15.298 19.904 4.112 1.009 2.003 1.757 1.766
9.9325 15.298 19.659 4.1579999999999995 1.0112 1.967 1.748 1.757
10.055 15.248999999999999 19.855 4.138 1.0114 1.9939999999999998 1.73 1.754
9.8835 15.3715 19.218 4.114 1.0113 1.952 1.7449999999999999 1.7449999999999999
9.859 15.2 19.7325 4.106 1.011 2.009 1.7000000000000002 1.754
9.761 15.1755 19.904 4.102 1.0071 1.976 1.694 1.754
10.104000000000001 15.2 19.7815 4.14 1.0078 1.9969999999999999 1.766 1.787
9.9325 15.3715 19.463 4.156 1.0152 2.018 1.694 1.751
9.859 15.248999999999999 19.659 4.168 1.0148 1.967 1.766 1.763
9.8345 15.273499999999999 19.512 4.118 1.0081 1.991 1.769 1.781
9.761 15.052999999999999 19.855 4.106 1.0103 2.0 1.7329999999999999 1.751
10.055 15.151 19.6835 4.112 1.0073 1.943 1.775 1.763
9.9325 15.3225 19.7325 4.146 1.0131000000000001 2.0060000000000002 1.697 1.754
9.9815 15.4695 19.5855 4.096 1.0074 1.9939999999999998 1.682 1.751
9.736500000000001 15.1755 19.8305 4.14 1.0111 1.9939999999999998 1.766 1.784
9.9815 15.347 19.7815 4.08 1.009 1.943 1.802 1.784
9.957 15.126499999999998 19.855 4.138 1.0078 1.9489999999999998 1.76 1.76
9.908 15.445 19.463 4.078 1.0095 2.015 1.736 1.763
9.9815 15.494 19.61 4.0920000000000005 1.0101 1.9609999999999999 1.763 1.763
9.761 15.3225 19.61 4.1240000000000006 1.0066 1.991 1.778 1.787
10.006 15.494 19.340500000000002 4.104 1.008 1.943 1.7449999999999999 1.754
9.736500000000001 15.3225 19.61 4.14 1.0118 1.9969999999999999 1.772 1.784
9.81 15.298 19.463 4.1419999999999995 1.0118 1.976 1.751 1.763
10.0795 15.298 19.4875 4.11 1.0097 2.012 1.772 1.784
9.712 15.298 19.708000000000002 4.1259999999999994 1.009 1.928 1.799 1.787
9.957 15.248999999999999 19.61 4.1739999999999995 1.016 1.991 1.724 1.754
9.736500000000001 15.1755 19.659 4.106 1.01 2.012 1.6640000000000001 1.7449999999999999
10.055 15.4695 19.5365 4.144 1.0128 1.94 1.772 1.76
9.9325 15.224499999999999 20.0755 4.178 1.0151000000000001 2.036 1.706 1.766
9.712 15.3225 19.561 4.1 1.01 2.003 1.6520000000000001 1.7449999999999999
9.9325 15.273499999999999 19.414 4.14 1.0098 2.015 1.685 1.76
9.81 15.347 19.855 4.122 1.0112 1.9820000000000002 1.7449999999999999 1.757
10.006 15.3225 19.634500000000003 4.11 1.01 1.988 1.706 1.7449999999999999
9.8345 15.248999999999999 19.5855 4.154 1.0141 1.9820000000000002 1.79 1.784
9.736500000000001 15.273499999999999 19.7815 4.082 1.0068 1.9609999999999999 1.73 1.7449999999999999
9.9815 15.347 19.438499999999998 4.1240000000000006 1.0079 1.931 1.763 1.754
10.0795 15.347 19.7325 4.13 1.0104 1.979 1.787 1.787
9.736500000000001 15.224499999999999 19.659 4.132 1.0092 1.991 1.6880000000000002 1.763
10.006 15.298 19.708000000000002 4.178 1.0145 1.964 1.76 1.76
9.957 15.445 19.316 4.138 1.0102 1.9489999999999998 1.763 1.766
9.712 15.224499999999999 19.5365 4.186 1.0168 2.018 1.778 1.787
9.785499999999999 15.395999999999999 19.5365 4.1080000000000005 1.0086 1.9609999999999999 1.793 1.784
9.8835 15.1755 19.708000000000002 4.11 1.0094 1.976 1.7269999999999999 1.7449999999999999
9.785499999999999 15.445 19.512 4.11 1.01 2.009 1.748 1.787
9.81 15.273499999999999 19.561 4.156 1.0093 1.943 1.796 1.784
9.736500000000001 15.395999999999999 19.365 4.1080000000000005 1.0094 2.0 1.736 1.769
9.785499999999999 15.224499999999999 19.8305 4.1739999999999995 1.0159 1.976 1.724 1.7449999999999999
9.6875 15.1755 19.757 4.1419999999999995 1.0092 1.976 1.7030000000000003 1.7449999999999999
9.761 15.1755 19.879500000000004 4.1080000000000005 1.0097 1.943 1.757 1.751
9.785499999999999 15.273499999999999 19.7815 4.154 1.0114 2.015 1.76 1.787
9.957 15.1755 19.365 4.13 1.0087 1.9699999999999998 1.76 1.76
9.908 15.224499999999999 19.855 4.11 1.0101 1.9729999999999999 1.7449999999999999 1.754
9.6875 15.2 19.708000000000002 4.1080000000000005 1.0103 1.9820000000000002 1.706 1.7449999999999999
9.761 15.248999999999999 19.8305 4.102 1.0115 1.9699999999999998 1.796 1.787
9.9325 15.273499999999999 20.0755 4.15 1.0093 1.9489999999999998 1.757 1.763
9.957 15.3225 19.7325 4.116 1.012 1.952 1.775 1.766
9.957 15.101999999999999 19.61 4.204 1.0149 1.967 1.748 1.751
9.8835 15.347 19.904 4.118 1.0107 2.0 1.673 1.748
9.9325 15.347 19.855 4.09 1.0098 1.9849999999999999 1.7449999999999999 1.754
10.006 15.298 19.953000000000003 4.136 1.0082 1.955 1.763 1.769
9.9325 15.298 19.904 4.17 1.01 1.988 1.718 1.76
9.6875 15.445 19.634500000000003 4.136 1.0161 2.033 1.6070000000000002 1.754
10.0305 15.298 20.1245 4.1419999999999995 1.0122 1.9340000000000002 1.766 1.76
9.81 15.298 19.7325 4.1240000000000006 1.0122 1.988 1.709 1.742
9.785499999999999 15.224499999999999 19.634500000000003 4.146 1.0086 1.9849999999999999 1.751 1.763
9.663 15.2 20.051000000000002 4.1259999999999994 1.0098 1.94 1.754 1.754
10.0305 15.298 19.8305 4.182 1.0147 1.988 1.73 1.751
9.9815 15.052999999999999 19.61 4.182 1.0134 2.024 1.751 1.784
9.761 15.395999999999999 19.463 4.138 1.0122 1.9969999999999999 1.7329999999999999 1.766
10.055 15.298 19.879500000000004 4.104 1.0067 1.9340000000000002 1.7449999999999999 1.742
9.957 15.1755 19.806 4.188 1.0115 1.94 1.772 1.76
10.0305 15.298 19.7815 4.15 1.0124 1.988 1.763 1.763
9.957 15.273499999999999 19.8305 4.18 1.0135 1.979 1.718 1.742
9.8345 15.224499999999999 19.7325 4.148 1.0133 2.033 1.757 1.787
9.81 15.248999999999999 20.149 4.176 1.0137 2.012 1.736 1.769
9.9815 15.273499999999999 19.3895 4.194 1.0129 1.9969999999999999 1.658 1.7449999999999999
9.9325 15.248999999999999 19.855 4.18 1.0124 1.964 1.7329999999999999 1.7449999999999999
9.8835 15.347 19.9285 4.144 1.0105 1.952 1.793 1.784
9.761 15.224499999999999 20.051000000000002 4.138 1.0108 1.967 1.787 1.787
9.81 15.2 19.953000000000003 4.11 1.0084 1.9489999999999998 1.754 1.757
10.0795 15.052999999999999 19.634500000000003 4.202 1.0130000000000001 1.9369999999999998 1.775 1.769
9.663 15.273499999999999 20.002000000000002 4.1240000000000006 1.0105 1.9609999999999999 1.7449999999999999 1.751
9.81 15.224499999999999 19.806 4.156 1.0107 1.9489999999999998 1.748 1.757
10.055 15.494 19.438499999999998 4.188 1.0151000000000001 1.976 1.766 1.763
9.785499999999999 15.2 19.8305 4.106 1.0105 1.9939999999999998 1.709 1.742
9.785499999999999 15.224499999999999 19.7325 4.1419999999999995 1.0129 1.94 1.742 1.7449999999999999
10.0305 15.4695 19.414 4.0920000000000005 1.0056 1.964 1.784 1.781
9.908 15.298 20.149 4.096 1.0075 1.964 1.76 1.76
10.006 15.248999999999999 19.9285 4.106 1.0076 1.964 1.742 1.751
9.712 15.3225 19.708000000000002 4.114 1.0079 1.9849999999999999 1.661 1.7449999999999999
9.908 15.273499999999999 19.9775 4.138 1.0088 1.9580000000000002 1.7449999999999999 1.751
10.006 15.3715 19.512 4.152 1.0123 1.9939999999999998 1.784 1.784
10.202 15.126499999999998 19.9775 4.144 1.011 1.9729999999999999 1.796 1.79
9.859 15.224499999999999 19.5855 4.104 1.0051 1.94 1.748 1.751
9.9815 15.151 19.561 4.216 1.0158 1.9699999999999998 1.796 1.787
9.859 15.2 19.4875 4.144 1.0124 2.003 1.781 1.784
9.9815 15.298 20.026500000000002 4.096 1.0071 1.9340000000000002 1.742 1.7449999999999999
9.9325 15.248999999999999 19.8305 4.1080000000000005 1.009 2.033 1.751 1.784
9.8345 15.248999999999999 19.8305 4.134 1.0108 1.9820000000000002 1.787 1.784
9.761 15.151 20.002000000000002 4.1419999999999995 1.0075 1.9489999999999998 1.724 1.7449999999999999
10.0305 15.3715 19.7815 4.116 1.0079 2.009 1.754 1.787
9.9325 15.248999999999999 19.953000000000003 4.186 1.0163 2.015 1.7329999999999999 1.766
9.761 15.224499999999999 19.904 4.1419999999999995 1.0118 1.9699999999999998 1.754 1.757
9.8835 15.273499999999999 19.634500000000003 4.178 1.0112 1.9580000000000002 1.7269999999999999 1.757
9.736500000000001 15.4695 19.708000000000002 4.088 1.0076 1.9699999999999998 1.769 1.766
9.908 14.955 19.806 4.21 1.0154 1.967 1.799 1.784
9.859 15.3715 19.5365 4.11 1.0094 1.964 1.7449999999999999 1.754
9.761 15.3225 19.634500000000003 4.156 1.0163 1.9580000000000002 1.76 1.754
9.908 15.224499999999999 20.051000000000002 4.178 1.0143 1.9459999999999997 1.775 1.769
10.006 15.151 19.12 4.21 1.0138 1.967 1.751 1.766
9.957 15.445 19.365 4.15 1.0118 1.9969999999999999 1.694 1.754
9.761 15.224499999999999 19.757 4.12 1.0074 1.991 1.76 1.763
9.663 15.224499999999999 20.173500000000004 4.132 1.0122 1.9939999999999998 1.7269999999999999 1.766
9.712 15.2 19.414 4.1739999999999995 1.0109 1.976 1.73 1.754
9.638499999999999 15.224499999999999 19.6835 4.188 1.0143 2.018 1.709 1.763
9.785499999999999 15.1755 19.806 4.188 1.0146 1.94 1.7449999999999999 1.7449999999999999
10.0305 15.101999999999999 19.6835 4.14 1.0088 1.9699999999999998 1.766 1.763
9.957 15.248999999999999 19.659 4.1579999999999995 1.0116 1.976 1.706 1.748
9.9815 15.224499999999999 19.6835 4.164 1.0124 1.9939999999999998 1.7269999999999999 1.769
10.0305 15.5185 19.340500000000002 4.1 1.0088 1.943 1.736 1.7449999999999999
9.785499999999999 15.224499999999999 20.002000000000002 4.1739999999999995 1.0143 1.9849999999999999 1.79 1.784
9.712 15.273499999999999 19.414 4.16 1.0129 1.964 1.754 1.763
9.9815 15.126499999999998 19.561 4.1240000000000006 1.0104 2.012 1.775 1.784
9.9815 15.273499999999999 20.149 4.13 1.0082 1.955 1.7329999999999999 1.754
10.0305 15.445 19.3895 4.15 1.0128 1.9699999999999998 1.76 1.76
9.9325 15.151 19.5365 4.21 1.0154 1.9729999999999999 1.7449999999999999 1.754
9.761 15.0285 19.634500000000003 4.12 1.0095 2.027 1.682 1.757
9.736500000000001 15.224499999999999 19.2915 4.1739999999999995 1.0124 2.018 1.706 1.763
9.81 15.224499999999999 19.9775 4.1 1.0096 2.015 1.724 1.76
10.0305 15.224499999999999 19.218 4.2059999999999995 1.0157 2.003 1.658 1.7449999999999999
9.8835 15.273499999999999 19.7325 4.168 1.0106 2.003 1.7000000000000002 1.766
9.785499999999999 15.2 19.7815 4.13 1.0118 1.9820000000000002 1.73 1.7449999999999999
10.0305 15.5185 19.4875 4.084 1.0105 2.012 1.694 1.754
9.785499999999999 15.2 19.659 4.1419999999999995 1.0126 1.964 1.7449999999999999 1.754
10.055 15.248999999999999 19.879500000000004 4.104 1.0104 2.0 1.709 1.742
10.055 15.494 19.634500000000003 4.082 1.0094 1.979 1.757 1.763
9.9815 15.4205 19.7815 4.1259999999999994 1.0097 1.9939999999999998 1.7269999999999999 1.769
10.006 15.273499999999999 19.855 4.164 1.0103 1.931 1.808 1.787
10.055 15.347 19.659 4.08 1.0096 1.955 1.802 1.784
9.859 15.273499999999999 19.365 4.132 1.0087 1.9489999999999998 1.769 1.763
9.908 15.298 19.659 4.186 1.0137 1.9580000000000002 1.757 1.76
9.736500000000001 15.126499999999998 19.218 4.214 1.0159 1.9580000000000002 1.775 1.76
9.761 15.2 19.879500000000004 4.094 1.0085 2.027 1.6880000000000002 1.76
9.859 15.5185 19.414 4.144 1.0112 1.955 1.7329999999999999 1.751
9.9815 15.494 19.659 4.0920000000000005 1.0064 1.931 1.778 1.766
9.908 15.298 19.953000000000003 4.1419999999999995 1.0106 2.0060000000000002 1.7000000000000002 1.754
9.6875 15.248999999999999 19.5855 4.14 1.0092 2.012 1.754 1.784
10.104000000000001 15.3225 19.904 4.154 1.0131000000000001 1.967 1.748 1.754
10.1285 15.4695 19.316 4.114 1.0107 1.9699999999999998 1.748 1.751
9.9325 15.101999999999999 19.659 4.15 1.011 1.952 1.754 1.754
9.8345 15.273499999999999 19.5365 4.1419999999999995 1.0078 1.988 1.775 1.781
10.006 15.1755 19.512 4.214 1.016 2.012 1.6760000000000002 1.742
10.055 15.4695 19.438499999999998 4.0760000000000005 1.0104 2.033 1.757 1.784
9.736500000000001 15.2 20.0755 4.098 1.011 1.955 1.799 1.787
9.8345 15.3225 19.659 4.136 1.0105 1.9969999999999999 1.7000000000000002 1.754
10.104000000000001 15.0285 19.9775 4.122 1.0089 1.988 1.7449999999999999 1.757
10.006 15.273499999999999 19.3895 4.1 1.0063 1.9729999999999999 1.787 1.787
10.0305 15.298 19.9285 4.128 1.008 1.9369999999999998 1.742 1.742
9.8345 15.3225 19.659 4.11 1.0078 1.9729999999999999 1.757 1.766
9.736500000000001 15.2 20.0755 4.172 1.0158 2.0 1.748 1.76
9.9325 15.298 19.561 4.178 1.0146 1.988 1.754 1.766
9.712 15.1755 19.5855 4.086 1.006 1.976 1.73 1.751
10.006 15.248999999999999 19.634500000000003 4.176 1.0169 1.952 1.757 1.754
9.9815 15.298 19.7815 4.1 1.0076 2.0 1.658 1.7449999999999999
10.104000000000001 15.298 19.953000000000003 4.144 1.0094 1.9609999999999999 1.757 1.766
9.614 15.2 20.002000000000002 4.1899999999999995 1.0161 2.009 1.769 1.784
9.8345 15.273499999999999 19.757 4.144 1.01 1.988 1.718 1.76
9.663 15.273499999999999 19.365 4.156 1.012 1.9969999999999999 1.736 1.766
9.859 15.445 19.6835 4.12 1.0093 1.991 1.694 1.751
9.785499999999999 15.273499999999999 19.953000000000003 4.144 1.0108 1.955 1.787 1.784
9.8345 15.3225 19.659 4.114 1.0089 1.94 1.766 1.76
9.638499999999999 15.1755 19.61 4.182 1.0141 1.9369999999999998 1.766 1.76
9.785499999999999 15.2 19.806 4.138 1.0099 1.9489999999999998 1.775 1.769
9.761 15.3225 19.414 4.162 1.0127 2.003 1.7149999999999999 1.76
9.908 15.224499999999999 19.2915 4.224 1.0162 2.012 1.6640000000000001 1.7389999999999999
9.957 15.2 19.7325 4.132 1.0085 1.9609999999999999 1.757 1.766
9.785499999999999 15.3225 19.414 4.148 1.012 1.979 1.7389999999999999 1.76
9.785499999999999 15.445 19.438499999999998 4.094 1.0066 1.9489999999999998 1.769 1.769
9.6875 15.273499999999999 19.879500000000004 4.082 1.0093 1.9969999999999999 1.7389999999999999 1.76
9.81 15.248999999999999 19.9285 4.1899999999999995 1.0153 1.976 1.796 1.784
10.006 15.298 19.4875 4.106 1.008 2.003 1.673 1.7449999999999999
10.006 15.3715 19.659 4.152 1.0152 2.0300000000000002 1.763 1.784
9.908 15.298 19.659 4.154 1.0150000000000001 2.009 1.769 1.784
9.785499999999999 15.4205 19.414 4.144 1.0123 1.991 1.706 1.7389999999999999
10.0305 15.0775 19.365 4.1259999999999994 1.0091 1.952 1.775 1.76
9.9325 15.224499999999999 19.757 4.136 1.0117 2.012 1.736 1.769
10.006 15.3715 19.757 4.0920000000000005 1.0081 1.964 1.784 1.784
9.8835 15.298 19.9775 4.184 1.014 1.967 1.796 1.784
10.1285 15.224499999999999 19.267 4.22 1.0173 2.0300000000000002 1.6880000000000002 1.757
9.908 15.273499999999999 19.904 4.136 1.0084 2.0 1.772 1.784
9.9815 15.298 19.5365 4.136 1.0101 1.964 1.754 1.76
10.0305 15.347 19.7815 4.148 1.0134 1.9459999999999997 1.757 1.754
10.1285 15.151 19.708000000000002 4.136 1.0074 2.0060000000000002 1.769 1.787
10.006 15.298 19.5365 4.118 1.0084 1.9820000000000002 1.706 1.742
9.8345 15.298 19.806 4.084 1.0076 1.9459999999999997 1.76 1.754
9.9815 15.3225 20.1245 4.1080000000000005 1.0048 1.9699999999999998 1.751 1.766
9.859 15.248999999999999 19.7325 4.16 1.0111 1.9849999999999999 1.7209999999999999 1.76
9.9325 15.494 19.365 4.146 1.0139 2.027 1.754 1.784
9.8345 15.248999999999999 19.8305 4.084 1.0107 2.012 1.766 1.787
9.908 15.224499999999999 20.198 4.104 1.0089 2.021 1.67 1.742
10.0305 15.273499999999999 19.365 4.106 1.0099 1.967 1.76 1.769
10.0795 15.224499999999999 20.1 4.184 1.0161 2.003 1.73 1.754
10.006 15.273499999999999 20.198 4.144 1.0063 1.9369999999999998 1.7449999999999999 1.76
10.055 15.248999999999999 19.6835 4.144 1.0113 2.0060000000000002 1.772 1.784
9.9325 15.3715 19.6835 4.096 1.0077 1.979 1.7329999999999999 1.754
9.736500000000001 15.273499999999999 19.316 4.116 1.009 1.94 1.763 1.757
9.736500000000001 15.1755 19.4875 4.136 1.0071 1.9699999999999998 1.7449999999999999 1.76
9.9325 15.248999999999999 20.149 4.102 1.0106 1.9969999999999999 1.754 1.763
9.761 15.224499999999999 19.61 4.1240000000000006 1.0127 2.012 1.763 1.784
9.785499999999999 15.395999999999999 19.414 4.1259999999999994 1.0096 1.967 1.7329999999999999 1.757
9.957 15.1755 20.173500000000004 4.118 1.0078 1.9459999999999997 1.763 1.751
9.81 15.224499999999999 19.5365 4.118 1.0103 1.952 1.772 1.763
9.8835 15.273499999999999 19.806 4.138 1.0099 2.018 1.637 1.751
9.785499999999999 15.298 19.4875 4.15 1.0121 1.952 1.757 1.76
9.81 15.347 19.7325 4.144 1.0106 1.9939999999999998 1.7030000000000003 1.754
9.908 15.273499999999999 19.9775 4.17 1.0152 1.967 1.754 1.76
9.9325 15.151 19.659 4.112 1.0073 1.988 1.7329999999999999 1.754
9.663 15.3715 19.806 4.1259999999999994 1.0101 1.9580000000000002 1.757 1.76
9.81 15.2 19.879500000000004 4.146 1.0131000000000001 1.9849999999999999 1.7449999999999999 1.76
9.761 15.273499999999999 19.659 4.112 1.0106 2.033 1.6219999999999999 1.757
10.104000000000001 15.494 19.3895 4.114 1.0088 1.976 1.784 1.784
9.957 15.248999999999999 19.855 4.08 1.0104 1.988 1.787 1.784
10.153 15.2 19.659 4.1739999999999995 1.011 1.9249999999999998 1.769 1.757
9.638499999999999 15.151 19.659 4.136 1.0097 2.0060000000000002 1.766 1.784
9.81 15.224499999999999 19.855 4.098 1.0065 2.012 1.757 1.784
9.761 15.1755 19.806 4.098 1.0102 1.952 1.742 1.7449999999999999
10.104000000000001 15.298 19.634500000000003 4.1259999999999994 1.0112 2.015 1.772 1.784
9.8345 15.151 19.953000000000003 4.088 1.0064 1.955 1.757 1.76
9.6875 15.3715 19.659 4.132 1.0101 1.9969999999999999 1.724 1.76
9.81 14.9305 19.757 4.122 1.0045 1.9489999999999998 1.73 1.748
9.81 15.101999999999999 20.0755 4.15 1.0123 1.979 1.73 1.754
9.761 15.0775 19.634500000000003 4.188 1.0123 2.003 1.7329999999999999 1.769
9.761 15.248999999999999 19.879500000000004 4.138 1.0101 2.021 1.634 1.754
9.785499999999999 15.2 19.634500000000003 4.184 1.0139 2.024 1.694 1.76
10.1285 15.224499999999999 19.904 4.09 1.0093 1.955 1.766 1.763
10.153 15.273499999999999 20.051000000000002 4.17 1.0167 2.033 1.748 1.784
10.006 15.0775 19.61 4.1899999999999995 1.0128 2.021 1.7030000000000003 1.766
9.8835 15.298 19.5365 4.1259999999999994 1.0081 1.955 1.7329999999999999 1.754
9.9325 15.004 19.953000000000003 4.21 1.0138 1.988 1.784 1.784
10.0305 15.273499999999999 19.953000000000003 4.164 1.0141 2.0060000000000002 1.658 1.742
9.9325 15.248999999999999 19.634500000000003 4.096 1.0082 1.9609999999999999 1.769 1.766
9.712 15.395999999999999 19.218 4.088 1.0098 2.003 1.787 1.784
10.055 15.298 20.149 4.182 1.0152 1.9820000000000002 1.802 1.787
9.663 15.2 19.9285 4.114 1.0082 1.9340000000000002 1.802 1.784
9.9815 15.273499999999999 19.757 4.1080000000000005 1.0083 1.9699999999999998 1.763 1.769
10.0305 15.347 19.6835 4.156 1.0127 1.943 1.802 1.784
9.8835 15.224499999999999 19.708000000000002 4.146 1.0094 1.955 1.724 1.754
9.736500000000001 15.2 19.904 4.18 1.0157 1.991 1.7329999999999999 1.754
10.0305 15.298 19.708000000000002 4.1259999999999994 1.0087 1.988 1.646 1.742
9.9815 15.273499999999999 19.634500000000003 4.132 1.0124 2.0 1.757 1.766
10.153 15.248999999999999 19.855 4.134 1.0116 1.976 1.763 1.76
9.8835 15.248999999999999 19.855 4.132 1.0139 2.009 1.775 1.787
9.81 15.494 19.634500000000003 4.1419999999999995 1.0108 1.9729999999999999 1.787 1.787
9.9815 15.224499999999999 19.634500000000003 4.112 1.0093 1.9729999999999999 1.796 1.787
10.0305 15.3715 19.5365 4.104 1.0088 1.943 1.7449999999999999 1.748
9.81 15.248999999999999 19.659 4.094 1.0082 1.991 1.709 1.7449999999999999
9.785499999999999 15.273499999999999 19.634500000000003 4.132 1.0099 1.9969999999999999 1.763 1.787
10.0305 15.248999999999999 19.438499999999998 4.11 1.0076 1.9939999999999998 1.7269999999999999 1.754
9.736500000000001 15.4205 19.5855 4.138 1.0125 1.9459999999999997 1.775 1.766
9.9325 15.298 20.247000000000003 4.106 1.0068 1.979 1.79 1.784
9.8345 15.248999999999999 19.7815 4.128 1.0112 1.967 1.799 1.787
9.712 15.224499999999999 19.659 4.1419999999999995 1.0106 2.003 1.7329999999999999 1.766
9.6875 15.273499999999999 19.463 4.122 1.0105 1.9820000000000002 1.709 1.742
9.736500000000001 15.224499999999999 19.365 4.16 1.0115 1.988 1.769 1.787
9.9815 15.3715 19.8305 4.13 1.0133 2.018 1.7209999999999999 1.763
10.055 15.273499999999999 19.561 4.1 1.0089 1.955 1.775 1.769
9.9325 15.1755 19.61 4.16 1.0098 1.988 1.748 1.763
9.81 15.298 19.438499999999998 4.094 1.006 1.943 1.757 1.754
9.908 15.273499999999999 20.026500000000002 4.188 1.0138 2.021 1.751 1.787
10.006 15.224499999999999 19.61 4.1739999999999995 1.0135 1.9969999999999999 1.6520000000000001 1.7389999999999999
9.8345 15.395999999999999 19.806 4.086 1.0092 1.9489999999999998 1.76 1.754
9.736500000000001 15.273499999999999 19.5365 4.1419999999999995 1.0113 1.94 1.76 1.754
9.81 15.224499999999999 20.051000000000002 4.096 1.009 2.033 1.682 1.76
9.8835 15.101999999999999 20.051000000000002 4.132 1.0085 1.9459999999999997 1.793 1.784
10.055 15.3225 19.512 4.188 1.0125 1.94 1.757 1.754
9.8835 15.347 19.7325 4.138 1.0151000000000001 1.967 1.748 1.754
9.785499999999999 15.2 19.7325 4.128 1.0082 1.9729999999999999 1.7449999999999999 1.76
9.736500000000001 15.224499999999999 19.806 4.134 1.0095 1.952 1.754 1.766
10.0305 15.3225 19.855 4.138 1.0096 1.9580000000000002 1.7329999999999999 1.7449999999999999
10.006 15.273499999999999 19.953000000000003 4.106 1.0085 1.9609999999999999 1.748 1.757
9.81 15.395999999999999 19.806 4.144 1.0116 1.9820000000000002 1.7269999999999999 1.754
9.9325 15.248999999999999 19.8305 4.1739999999999995 1.0114 1.9849999999999999 1.658 1.748
9.8835 15.273499999999999 19.855 4.13 1.0075 1.9849999999999999 1.7329999999999999 1.766
9.81 15.0285 19.438499999999998 4.204 1.0130000000000001 1.9729999999999999 1.787 1.787
10.006 15.298 19.7325 4.1419999999999995 1.0115 2.015 1.757 1.787
9.736500000000001 15.3225 19.438499999999998 4.154 1.0136 2.027 1.67 1.754
9.761 15.273499999999999 19.3895 4.12 1.0085 1.988 1.697 1.754
10.0795 15.298 19.6835 4.102 1.006 1.9820000000000002 1.784 1.787
9.859 15.5185 19.3895 4.094 1.0097 1.988 1.709 1.742
9.761 15.224499999999999 19.414 4.16 1.0136 1.9699999999999998 1.763 1.76
9.8835 15.248999999999999 19.9775 4.1739999999999995 1.0152 2.027 1.6219999999999999 1.754
10.0305 15.224499999999999 19.634500000000003 4.1739999999999995 1.0119 1.967 1.7000000000000002 1.742
9.9325 15.248999999999999 19.9285 4.0920000000000005 1.0089 1.979 1.763 1.766
10.0305 15.2 19.7815 4.144 1.0109 1.976 1.7389999999999999 1.76
9.908 15.151 19.561 4.204 1.0130000000000001 1.9699999999999998 1.73 1.754
9.9815 15.0775 19.953000000000003 4.168 1.0073 1.9849999999999999 1.769 1.787
9.712 15.3225 19.3895 4.122 1.0109 1.9820000000000002 1.7120000000000002 1.7449999999999999
10.055 15.4205 19.5855 4.13 1.0122 1.9820000000000002 1.784 1.781
9.6875 15.052999999999999 19.316 4.164 1.0102 1.988 1.748 1.76
9.957 15.126499999999998 19.512 4.208 1.0139 2.009 1.7329999999999999 1.766
10.0795 15.3225 19.659 4.104 1.0071 1.988 1.79 1.787
9.9325 15.3225 19.806 4.16 1.0115 1.991 1.772 1.784
9.9815 15.445 19.757 4.094 1.0093 2.003 1.787 1.784
9.859 15.273499999999999 19.855 4.132 1.0084 1.9340000000000002 1.7449999999999999 1.742
10.0305 15.298 19.61 4.13 1.0098 2.003 1.73 1.763
9.785499999999999 15.273499999999999 19.512 4.13 1.0089 2.015 1.697 1.763
10.0305 15.248999999999999 19.61 4.146 1.0102 1.9699999999999998 1.754 1.766
9.81 15.224499999999999 19.6835 4.1240000000000006 1.0095 1.94 1.772 1.76
9.6875 15.248999999999999 19.7815 4.086 1.0077 1.991 1.7269999999999999 1.754
10.006 15.248999999999999 20.149 4.104 1.0109 2.009 1.784 1.787
10.0305 15.1755 19.708000000000002 4.168 1.0089 1.9489999999999998 1.73 1.742
10.0795 15.224499999999999 19.5365 4.14 1.0065 1.952 1.763 1.76
9.8835 15.4205 19.340500000000002 4.1240000000000006 1.0091 1.9609999999999999 1.754 1.766
9.761 15.298 19.7325 4.086 1.0096 1.979 1.73 1.742
10.006 15.445 19.5365 4.136 1.0121 1.9849999999999999 1.754 1.766
9.9325 15.273499999999999 20.0755 4.1899999999999995 1.0158 1.979 1.796 1.784
9.6875 15.298 19.8305 4.078 1.0051 1.979 1.7449999999999999 1.76
9.9325 15.4695 19.634500000000003 4.152 1.0147 1.976 1.757 1.76
9.81 15.224499999999999 19.9775 4.138 1.0087 1.9820000000000002 1.7149999999999999 1.7449999999999999
9.9815 15.248999999999999 20.149 4.112 1.0071 1.943 1.799 1.787
10.006 15.494 19.414 4.11 1.0091 1.9699999999999998 1.784 1.784
9.859 15.224499999999999 20.051000000000002 4.146 1.0091 1.967 1.799 1.784
9.8835 15.273499999999999 19.757 4.14 1.0115 2.009 1.772 1.787
9.957 15.3225 19.512 4.1080000000000005 1.0088 1.964 1.7269999999999999 1.7449999999999999
9.859 15.101999999999999 19.659 4.12 1.0102 1.955 1.7269999999999999 1.7449999999999999
9.957 15.1755 19.634500000000003 4.218 1.0144 1.9849999999999999 1.751 1.766
9.8835 15.273499999999999 19.634500000000003 4.11 1.0088 2.015 1.754 1.787
9.957 15.3225 19.463 4.1259999999999994 1.0125 2.0060000000000002 1.7209999999999999 1.763
9.859 15.224499999999999 20.051000000000002 4.0920000000000005 1.0073 1.9340000000000002 1.778 1.766
10.006 15.298 19.7325 4.132 1.0151000000000001 2.009 1.67 1.742
10.055 15.3715 19.659 4.064 1.0091 2.027 1.706 1.766
10.055 15.4695 19.512 4.104 1.0094 2.0060000000000002 1.7209999999999999 1.763
9.638499999999999 15.2 20.1 4.192 1.0139 1.964 1.757 1.76
10.006 15.248999999999999 20.026500000000002 4.128 1.0096 1.94 1.7449999999999999 1.7449999999999999
9.8835 15.101999999999999 19.61 4.226 1.0153 1.943 1.754 1.754
9.908 15.347 19.6835 4.178 1.0167 1.955 1.766 1.76
9.8835 15.298 19.757 4.1080000000000005 1.0087 1.9820000000000002 1.79 1.784
9.957 15.273499999999999 19.7815 4.098 1.0096 2.009 1.637 1.7449999999999999
10.0795 15.248999999999999 19.9775 4.128 1.0114 1.952 1.805 1.784
9.9815 15.298 19.61 4.136 1.0113 1.9729999999999999 1.748 1.754
9.8345 15.224499999999999 20.026500000000002 4.102 1.0089 2.018 1.751 1.787
9.9325 15.445 19.61 4.12 1.0072 1.9580000000000002 1.787 1.784
9.9325 15.224499999999999 19.61 4.082 1.0062 1.943 1.802 1.784
10.0305 15.273499999999999 19.8305 4.116 1.0086 1.9489999999999998 1.736 1.7449999999999999
10.055 15.298 20.002000000000002 4.104 1.0088 1.9489999999999998 1.76 1.751
9.908 15.273499999999999 20.051000000000002 4.116 1.0081 2.003 1.73 1.769
9.957 15.494 19.512 4.146 1.0119 2.018 1.6669999999999998 1.754
9.8835 15.4205 19.6835 4.084 1.0102 1.991 1.7030000000000003 1.7449999999999999
10.0305 15.347 19.634500000000003 4.128 1.0122 1.979 1.76 1.763
9.638499999999999 15.273499999999999 19.365 4.136 1.0113 2.003 1.772 1.784
10.006 15.3225 19.438499999999998 4.1739999999999995 1.0114 2.003 1.7000000000000002 1.754
9.8345 15.2 20.2225 4.184 1.0153 1.9459999999999997 1.772 1.763
9.8835 15.273499999999999 19.904 4.116 1.0118 1.979 1.7269999999999999 1.748
9.736500000000001 15.2 19.5365 4.134 1.0103 2.0 1.6760000000000002 1.7389999999999999
9.859 15.151 20.247000000000003 4.088 1.0093 2.015 1.7269999999999999 1.766
9.9815 15.4695 19.3895 4.11 1.0105 1.9969999999999999 1.7209999999999999 1.763
9.908 15.151 19.5365 4.194 1.0122 2.0 1.718 1.76
9.957 15.126499999999998 19.757 4.1899999999999995 1.0118 1.9369999999999998 1.757 1.754
9.9815 15.224499999999999 19.9285 4.11 1.0091 1.9969999999999999 1.784 1.784
10.055 15.004 19.7815 4.17 1.0086 1.988 1.73 1.766
9.785499999999999 15.248999999999999 19.7325 4.106 1.0077 2.009 1.697 1.754
9.8345 15.2 19.855 4.18 1.0133 1.979 1.73 1.754
9.8835 15.248999999999999 19.708000000000002 4.182 1.0143 1.9849999999999999 1.709 1.7449999999999999
9.9815 15.2 19.953000000000003 4.148 1.0087 1.964 1.73 1.742
9.663 15.273499999999999 19.5855 4.078 1.0059 1.976 1.7389999999999999 1.76
9.638499999999999 15.298 19.4875 4.114 1.0102 1.979 1.7329999999999999 1.754
9.785499999999999 15.248999999999999 19.1935 4.122 1.0099 1.943 1.802 1.784
9.81 15.101999999999999 19.708000000000002 4.122 1.0101 1.952 1.778 1.766
9.8345 15.1755 19.070999999999998 4.216 1.0149 2.0060000000000002 1.661 1.742
10.055 15.3225 19.879500000000004 4.116 1.0091 2.012 1.6909999999999998 1.76
9.859 15.347 19.414 4.154 1.0144 1.9489999999999998 1.799 1.784
9.785499999999999 15.298 19.634500000000003 4.156 1.012 1.9729999999999999 1.751 1.769
9.81 15.224499999999999 19.904 4.11 1.0091 1.964 1.766 1.766
9.663 15.3225 19.7815 4.088 1.0093 1.9489999999999998 1.757 1.754
9.761 15.3225 19.8305 4.0920000000000005 1.0088 1.931 1.757 1.751
10.0795 15.298 20.051000000000002 4.1259999999999994 1.0076 1.9729999999999999 1.709 1.742
9.908 15.298 20.173500000000004 4.17 1.0152 1.964 1.76 1.763
9.859 15.101999999999999 19.7325 4.176 1.0119 1.9699999999999998 1.742 1.76
9.8835 15.224499999999999 19.61 4.12 1.0089 2.018 1.6880000000000002 1.751
9.81 15.0775 19.7325 4.198 1.0149 2.003 1.709 1.76
9.8835 15.1755 19.8305 4.154 1.0093 2.0 1.7000000000000002 1.751
10.006 15.2 19.463 4.106 1.0072 1.9729999999999999 1.7149999999999999 1.742
9.785499999999999 15.2 19.6835 4.172 1.0112 1.9489999999999998 1.763 1.76
9.785499999999999 15.2 19.7815 4.182 1.0135 1.988 1.73 1.757
10.104000000000001 15.2 19.365 4.208 1.0163 1.952 1.7389999999999999 1.7449999999999999
9.785499999999999 15.4695 19.316 4.152 1.012 2.018 1.6669999999999998 1.751
10.0305 15.347 19.8305 4.104 1.0088 1.979 1.742 1.751
9.8835 15.248999999999999 19.414 4.17 1.0132 2.024 1.697 1.766
9.81 15.298 19.7325 4.128 1.0116 1.979 1.748 1.76
9.81 15.273499999999999 19.634500000000003 4.096 1.0069 1.9939999999999998 1.7269999999999999 1.754
9.9325 15.273499999999999 19.4875 4.17 1.0123 2.012 1.6219999999999999 1.751
10.0305 15.273499999999999 19.7815 4.11 1.0079 2.0060000000000002 1.7149999999999999 1.76
10.0795 15.248999999999999 19.8305 4.114 1.0062 1.979 1.754 1.766
9.761 15.3225 19.561 4.13 1.0094 1.955 1.769 1.766
9.6875 15.2 19.904 4.128 1.0123 1.991 1.706 1.7449999999999999
9.81 15.224499999999999 20.002000000000002 4.178 1.0150000000000001 2.0 1.718 1.76
9.908 15.273499999999999 19.61 4.146 1.0071 1.931 1.799 1.787
9.8345 15.298 19.5365 4.106 1.0112 1.9489999999999998 1.757 1.751
9.8345 15.273499999999999 20.1 4.168 1.0165 2.0060000000000002 1.754 1.769
9.663 15.347 19.267 4.14 1.0129 2.009 1.6669999999999998 1.7449999999999999
9.712 15.248999999999999 19.7815 4.146 1.0125 1.967 1.763 1.763
9.8345 15.224499999999999 19.806 4.104 1.006 1.94 1.775 1.763
10.006 15.004 20.2225 4.122 1.0096 1.9820000000000002 1.724 1.742
10.0795 15.3225 19.708000000000002 4.116 1.0084 1.9699999999999998 1.7449999999999999 1.76
9.785499999999999 15.248999999999999 19.6835 4.128 1.0091 1.9489999999999998 1.7449999999999999 1.751
9.9815 15.248999999999999 19.879500000000004 4.14 1.0095 1.784 1.73 1.763
9.8345 15.151 20.0755 4.138 1.0084 1.9580000000000002 1.73 1.742
9.761 15.224499999999999 19.757 4.18 1.0143 2.015 1.754 1.784
9.8835 15.273499999999999 19.708000000000002 4.138 1.009 1.94 1.805 1.784
9.859 15.298 19.365 4.134 1.011 1.9939999999999998 1.7209999999999999 1.76
10.006 15.347 20.002000000000002 4.11 1.0098 1.964 1.757 1.763
9.785499999999999 15.248999999999999 19.8305 4.1419999999999995 1.0075 1.9340000000000002 1.742 1.7449999999999999
9.736500000000001 15.224499999999999 19.634500000000003 4.1419999999999995 1.0121 1.943 1.757 1.751
9.859 15.101999999999999 19.634500000000003 4.16 1.0094 1.952 1.751 1.76
9.8345 15.224499999999999 19.855 4.178 1.0131000000000001 1.976 1.787 1.787
10.055 15.3715 19.904 4.106 1.0097 1.9849999999999999 1.751 1.76
10.006 15.273499999999999 19.757 4.132 1.0071 1.952 1.742 1.751
9.9815 15.2 20.173500000000004 4.094 1.0101 2.009 1.769 1.784
9.614 15.298 19.512 4.084 1.0067 1.9369999999999998 1.757 1.757
10.0305 15.224499999999999 19.365 4.216 1.014 1.9459999999999997 1.772 1.76
9.908 15.273499999999999 20.1245 4.102 1.0057 1.979 1.757 1.763
9.761 15.248999999999999 19.855 4.104 1.0056 1.9609999999999999 1.784 1.787
9.957 15.4205 19.7325 4.1419999999999995 1.0130000000000001 1.9729999999999999 1.73 1.754
9.908 15.273499999999999 19.879500000000004 4.1739999999999995 1.0134 1.988 1.784 1.784
9.761 15.248999999999999 19.757 4.0760000000000005 1.0061 1.991 1.769 1.784
9.8345 15.445 19.659 4.1240000000000006 1.0128 1.9489999999999998 1.772 1.76
9.8345 15.248999999999999 19.5365 4.1259999999999994 1.0096 1.9609999999999999 1.787 1.781
9.81 15.224499999999999 19.953000000000003 4.188 1.0153 2.021 1.6790000000000003 1.76
10.006 15.3715 19.806 4.082 1.0066 1.988 1.79 1.784
10.104000000000001 15.3225 19.904 4.134 1.0106 1.9459999999999997 1.742 1.742
9.859 15.151 19.438499999999998 4.214 1.0166 2.0 1.7120000000000002 1.742
9.736500000000001 15.248999999999999 19.708000000000002 4.118 1.0044 1.9340000000000002 1.811 1.781
10.055 15.4695 19.2915 4.15 1.0125 1.9849999999999999 1.754 1.769
9.908 15.347 19.757 4.128 1.0106 1.94 1.769 1.76
9.8345 15.273499999999999 20.026500000000002 4.138 1.0121 1.991 1.772 1.784
9.81 15.298 19.659 4.1419999999999995 1.0099 2.0060000000000002 1.634 1.751
9.8835 15.5675 19.414 4.116 1.0119 1.9820000000000002 1.784 1.784
9.908 15.1755 19.6835 4.116 1.0082 1.9849999999999999 1.742 1.76
9.8345 15.1755 19.61 4.13 1.0065 1.9820000000000002 1.7000000000000002 1.754
9.638499999999999 15.2 19.7325 4.138 1.0118 1.9820000000000002 1.79 1.787
9.712 15.224499999999999 20.002000000000002 4.178 1.0166 1.952 1.7449999999999999 1.7449999999999999
9.9815 15.298 19.5365 4.132 1.0075 1.943 1.754 1.763
9.957 15.273499999999999 19.7325 4.11 1.0065 2.003 1.6880000000000002 1.754
9.908 15.298 19.634500000000003 4.172 1.0131000000000001 2.0060000000000002 1.73 1.766
9.614 15.248999999999999 19.708000000000002 4.18 1.0133 1.988 1.772 1.781
10.1285 15.395999999999999 19.61 4.102 1.0088 1.976 1.709 1.742
9.957 15.273499999999999 19.1935 4.134 1.009 1.9699999999999998 1.796 1.787
10.0305 15.273499999999999 19.708000000000002 4.1899999999999995 1.0149 1.9459999999999997 1.805 1.787
9.908 15.273499999999999 19.855 4.114 1.0125 2.036 1.697 1.766
9.785499999999999 15.248999999999999 19.855 4.148 1.0118 1.9580000000000002 1.7269999999999999 1.742
10.006 15.494 19.512 4.148 1.0142 1.9459999999999997 1.7449999999999999 1.7449999999999999
9.81 15.224499999999999 19.855 4.146 1.0106 1.9699999999999998 1.748 1.757
9.8345 14.979499999999998 20.026500000000002 4.118 1.0066 1.991 1.724 1.76
9.761 15.273499999999999 19.6835 4.1080000000000005 1.007 2.003 1.751 1.787
9.81 15.224499999999999 20.1 4.098 1.0103 1.9729999999999999 1.76 1.76
9.9815 15.224499999999999 19.438499999999998 4.128 1.0097 1.9609999999999999 1.763 1.76
10.153 15.224499999999999 19.7815 4.1080000000000005 1.0057 1.9729999999999999 1.7149999999999999 1.742
9.785499999999999 15.2 19.806 4.104 1.0086 1.9729999999999999 1.7449999999999999 1.757
10.055 15.3225 19.659 4.116 1.0131000000000001 2.0060000000000002 1.697 1.754
10.104000000000001 15.273499999999999 19.904 4.116 1.0073 1.955 1.7449999999999999 1.754
9.6875 15.298 19.4875 4.134 1.0119 1.943 1.754 1.754
10.0795 15.273499999999999 19.218 4.14 1.0111 1.9729999999999999 1.73 1.7449999999999999
9.908 15.248999999999999 19.855 4.18 1.0169 1.9699999999999998 1.754 1.763
9.9815 15.298 19.3895 4.094 1.0073 2.024 1.7030000000000003 1.766
9.8345 15.248999999999999 19.757 4.188 1.0147 1.9820000000000002 1.787 1.787
9.8345 15.273499999999999 19.5365 4.104 1.0095 1.9969999999999999 1.742 1.76
9.736500000000001 15.3225 19.659 4.15 1.0131000000000001 1.943 1.7389999999999999 1.7449999999999999
9.957 15.126499999999998 20.1245 4.128 1.0104 2.0060000000000002 1.736 1.766
9.9325 15.273499999999999 19.512 4.128 1.0123 2.021 1.7269999999999999 1.769
9.908 15.224499999999999 19.904 4.1 1.0098 2.012 1.769 1.787
10.006 15.273499999999999 19.3895 4.176 1.0162 1.976 1.766 1.766
9.8835 15.273499999999999 19.879500000000004 4.18 1.0170000000000001 1.9729999999999999 1.769 1.763
10.0305 15.347 19.708000000000002 4.14 1.0126 1.979 1.763 1.766
10.0305 15.126499999999998 19.438499999999998 4.13 1.0084 2.003 1.736 1.766
9.712 15.1755 19.953000000000003 4.186 1.0168 1.979 1.7329999999999999 1.7449999999999999
9.785499999999999 15.1755 19.463 4.16 1.0104 1.9729999999999999 1.7269999999999999 1.763
9.663 15.3715 19.708000000000002 4.104 1.0086 1.9369999999999998 1.757 1.754
9.761 15.151 19.4875 4.1739999999999995 1.0137 1.94 1.7389999999999999 1.7449999999999999
9.957 15.1755 19.463 4.178 1.0096 1.9340000000000002 1.742 1.742
10.0305 15.347 19.7325 4.178 1.0146 2.021 1.748 1.784
9.81 15.248999999999999 20.026500000000002 4.098 1.0098 1.976 1.73 1.754
10.006 15.1755 19.806 4.14 1.0077 1.9489999999999998 1.73 1.7449999999999999
10.1285 15.347 19.757 4.096 1.0073 1.9969999999999999 1.7329999999999999 1.766
9.81 15.2 19.561 4.134 1.0072 1.9340000000000002 1.775 1.766
10.0305 15.248999999999999 19.9775 4.094 1.0115 2.0060000000000002 1.766 1.784
9.8345 15.3225 19.659 4.084 1.0056 1.964 1.766 1.766
10.1285 15.4205 19.634500000000003 4.134 1.0117 1.967 1.7329999999999999 1.7449999999999999
9.859 15.4695 19.5855 4.096 1.0099 1.9939999999999998 1.736 1.754
9.859 15.5185 19.414 4.13 1.0115 2.021 1.754 1.787
9.9325 15.273499999999999 20.002000000000002 4.138 1.0059 1.9489999999999998 1.76 1.76
9.81 15.298 19.708000000000002 4.114 1.0071 1.943 1.796 1.781
9.761 15.224499999999999 19.6835 4.118 1.0129 2.003 1.7000000000000002 1.757
9.908 15.3225 19.9285 4.178 1.0158 2.0 1.757 1.766
9.712 15.224499999999999 19.708000000000002 4.122 1.0078 1.991 1.7209999999999999 1.76
9.8345 15.298 19.757 4.1419999999999995 1.0113 2.024 1.6880000000000002 1.76
9.785499999999999 15.248999999999999 19.61 4.132 1.0084 1.9489999999999998 1.748 1.754
9.957 15.3225 19.561 4.136 1.0099 2.012 1.5949999999999998 1.751
9.736500000000001 15.248999999999999 19.7325 4.132 1.0115 1.943 1.751 1.7449999999999999
9.6875 15.298 19.757 4.1419999999999995 1.0129 1.9609999999999999 1.7269999999999999 1.7449999999999999
10.055 15.052999999999999 19.512 4.202 1.014 1.9849999999999999 1.73 1.751
9.859 15.3225 19.1935 4.22 1.0158 2.039 1.6790000000000003 1.757
10.055 15.2 19.438499999999998 4.15 1.0097 1.964 1.796 1.784
9.81 15.2 19.6835 4.138 1.0077 1.799 1.748 1.784
10.006 15.2 19.7325 4.134 1.0114 1.9729999999999999 1.76 1.76
9.81 15.0775 19.6835 4.194 1.0136 1.991 1.7389999999999999 1.763
9.8835 15.3715 19.4875 4.12 1.0087 1.943 1.7449999999999999 1.742
9.908 15.298 19.7815 4.1240000000000006 1.0091 1.9849999999999999 1.766 1.784
9.908 15.224499999999999 20.149 4.11 1.0071 2.021 1.709 1.763
9.908 15.494 19.5855 4.106 1.0091 1.9699999999999998 1.796 1.787
10.006 15.494 19.316 4.106 1.012 2.036 1.757 1.784
10.006 15.224499999999999 19.438499999999998 4.156 1.0104 1.9849999999999999 1.706 1.7449999999999999
9.736500000000001 15.347 19.708000000000002 4.116 1.0112 1.9820000000000002 1.7389999999999999 1.763
9.9815 15.248999999999999 19.218 4.202 1.0157 2.003 1.67 1.7449999999999999
9.81 15.224499999999999 20.149 4.114 1.008 1.9939999999999998 1.73 1.754
9.8835 15.298 19.5855 4.1739999999999995 1.0131000000000001 1.964 1.7329999999999999 1.7449999999999999
10.0795 15.1755 19.5855 4.1419999999999995 1.0082 1.9849999999999999 1.709 1.763
10.006 15.2 19.7325 4.11 1.0093 1.976 1.793 1.781
9.81 15.224499999999999 19.9775 4.118 1.0106 1.9820000000000002 1.757 1.769
10.104000000000001 15.248999999999999 19.634500000000003 4.152 1.01 2.018 1.6880000000000002 1.76
9.908 15.101999999999999 19.5365 4.16 1.01 2.0060000000000002 1.7209999999999999 1.76
9.785499999999999 15.298 19.5855 4.164 1.0130000000000001 1.9699999999999998 1.787 1.784
10.1285 15.298 19.953000000000003 4.168 1.0149 1.976 1.7269999999999999 1.742
9.761 15.2 19.61 4.154 1.0104 2.0 1.757 1.787
9.859 15.3715 19.757 4.104 1.0117 1.976 1.724 1.7449999999999999
9.859 15.298 19.806 4.112 1.009 1.94 1.766 1.763
9.9815 15.248999999999999 19.806 4.132 1.0075 1.9340000000000002 1.781 1.766
9.8345 15.2 19.708000000000002 4.1080000000000005 1.0069 1.991 1.769 1.784
10.055 15.543 19.561 4.118 1.0101 1.979 1.79 1.784
9.859 15.3225 19.7815 4.134 1.0107 1.9609999999999999 1.754 1.76
10.055 14.955 19.757 4.214 1.0145 1.9820000000000002 1.7389999999999999 1.76
9.9815 15.298 20.247000000000003 4.104 1.0088 1.964 1.796 1.781
9.908 15.248999999999999 19.855 4.154 1.0112 1.9969999999999999 1.769 1.787
9.81 15.248999999999999 19.4875 4.1259999999999994 1.0088 1.991 1.7209999999999999 1.76
9.9325 15.298 19.904 4.132 1.0078 2.012 1.682 1.76
9.785499999999999 15.298 19.7325 4.1240000000000006 1.0107 2.015 1.685 1.76
