9.81 15.494 19.7325 4.056 1.0129 2.0300000000000002 1.775 1.802
10.055 15.5675 19.806 4.11 1.0154 2.015 1.799 1.802
9.859 15.224499999999999 20.0755 4.208 1.0187 1.9580000000000002 1.748 1.751
9.761 15.224499999999999 19.8305 4.05 1.008 2.051 1.718 1.781
9.736500000000001 15.4205 19.4875 4.086 1.0155 1.9849999999999999 1.673 1.724
9.9815 15.273499999999999 19.855 4.132 1.0127 2.048 1.793 1.811
9.908 15.347 19.414 4.172 1.0135 2.024 1.775 1.802
9.9815 15.126499999999998 20.296000000000003 4.09 1.0077 1.943 1.844 1.811
9.712 15.298 19.634500000000003 4.084 1.007 1.9729999999999999 1.7269999999999999 1.748
9.785499999999999 15.224499999999999 19.634500000000003 4.134 1.0132 1.9580000000000002 1.811 1.79
9.8835 15.395999999999999 19.4875 4.12 1.0125 2.039 1.766 1.799
9.957 15.298 20.149 4.096 1.0087 1.895 1.865 1.832
10.055 15.4205 20.1 4.1080000000000005 1.014 1.8920000000000001 1.814 1.784
9.908 15.273499999999999 19.438499999999998 4.1 1.0113 1.9459999999999997 1.802 1.781
9.81 15.2 19.7815 4.12 1.0134 1.9939999999999998 1.799 1.787
9.9815 15.4695 19.708000000000002 4.112 1.014 2.042 1.874 1.859
9.736500000000001 15.126499999999998 19.953000000000003 4.094 1.0054 1.9939999999999998 1.874 1.847
9.8835 15.1755 19.806 4.096 1.0102 1.8800000000000001 1.823 1.79
9.712 15.445 19.6835 4.058 1.0116 2.093 1.802 1.835
10.055 15.224499999999999 20.1245 4.1080000000000005 1.0118 1.907 1.823 1.79
10.104000000000001 15.347 19.659 4.23 1.0186 1.94 1.7329999999999999 1.7329999999999999
9.8345 15.248999999999999 19.7325 4.128 1.0112 2.009 1.769 1.784
9.908 15.445 19.904 4.004 1.0032 1.9580000000000002 1.859 1.847
9.9325 15.3225 19.463 4.088 1.0129 2.021 1.85 1.832
9.761 15.347 20.002000000000002 4.096 1.0109 1.964 1.7329999999999999 1.742
9.8835 15.3225 19.879500000000004 4.0440000000000005 1.0093 1.9849999999999999 1.8800000000000001 1.847
10.0305 15.224499999999999 19.8305 4.182 1.0136 2.033 1.871 1.856
9.81 15.298 19.316 4.152 1.0118 1.919 1.7269999999999999 1.7449999999999999
9.638499999999999 15.1755 19.708000000000002 4.138 1.0145 1.874 1.835 1.808
15.739 19.438499999999998 9.81 4.064 1.0108 1.694 1.6790000000000003 1.847
9.736500000000001 15.395999999999999 19.512 4.024 1.0045 1.9340000000000002 1.817 1.793
9.908 15.1755 20.051000000000002 4.178 1.0113 1.874 1.76 1.76
9.8835 15.4695 19.8305 4.014 1.0064 1.976 1.6760000000000002 1.7269999999999999
9.8345 15.273499999999999 19.5365 4.066 1.0063 1.916 1.874 1.844
10.006 15.494 19.708000000000002 4.066 1.0054 2.0060000000000002 1.7209999999999999 1.787
10.006 15.298 19.512 4.102 1.0069 1.9340000000000002 1.757 1.748
9.957 15.126499999999998 20.198 4.164 1.0144 1.967 1.796 1.778
9.8345 15.248999999999999 19.61 4.08 1.0030000000000001 1.901 1.799 1.781
9.8835 15.248999999999999 19.757 4.068 1.0058 2.024 1.769 1.802
9.712 15.445 19.5365 4.066 1.0086 1.8920000000000001 1.754 1.736
9.957 15.248999999999999 19.7815 4.12 1.0073 1.931 1.805 1.787
9.761 15.5185 19.512 4.166 1.019 2.084 1.835 1.847
9.957 15.126499999999998 20.2225 4.1259999999999994 1.0101 1.865 1.793 1.76
9.9815 15.2 20.1245 4.182 1.0138 1.895 1.874 1.847
9.9325 15.5675 19.5855 4.07 1.0111 2.045 1.724 1.781
10.055 15.3715 19.3895 4.148 1.0117 1.8920000000000001 1.793 1.76
15.6165 19.855 9.712 4.1080000000000005 1.0132 1.682 1.661 1.754
9.8835 15.298 20.296000000000003 4.096 1.0088 1.952 1.889 1.859
9.8345 15.347 20.173500000000004 4.036 1.0050000000000001 1.916 1.742 1.79
9.9325 15.347 19.3895 4.198 1.0189 1.9939999999999998 1.817 1.811
9.908 15.445 19.5855 4.106 1.0114 1.955 1.808 1.787
9.908 15.2 19.904 4.074 1.0058 1.9100000000000001 1.8860000000000001 1.862
9.859 15.4205 19.5365 4.1579999999999995 1.0139 2.0060000000000002 1.817 1.811
9.9815 15.0775 20.026500000000002 4.182 1.0149 2.0780000000000003 1.832 1.847
9.859 15.1755 19.7815 4.166 1.0141 1.931 1.742 1.736
9.957 15.3225 19.953000000000003 4.03 1.0064 2.063 1.826 1.832
9.761 15.2 19.463 4.148 1.0138 2.072 1.73 1.811
9.81 15.0285 20.541 4.192 1.0152 1.907 1.814 1.79
9.8345 15.5185 19.708000000000002 4.168 1.0163 2.042 1.865 1.862
10.0795 15.3225 20.026500000000002 4.138 1.0111 1.9459999999999997 1.889 1.859
10.055 15.347 19.634500000000003 4.09 1.0099 1.865 1.757 1.724
10.006 15.224499999999999 19.7815 4.186 1.0170000000000001 1.9219999999999997 1.865 1.832
10.006 14.979499999999998 20.051000000000002 4.136 1.0073 1.955 1.823 1.802
10.153 15.395999999999999 19.879500000000004 4.096 1.009 1.928 1.8800000000000001 1.85
9.957 14.955 19.438499999999998 4.13 1.0095 2.018 1.871 1.862
9.9815 15.395999999999999 19.879500000000004 4.046 1.0083 1.919 1.772 1.748
9.859 15.3715 20.051000000000002 4.068 1.0116 1.94 1.865 1.832
9.761 15.273499999999999 19.659 4.0760000000000005 1.0085 2.024 1.742 1.787
9.859 15.3715 19.7815 4.04 1.006 1.943 1.763 1.757
10.006 15.273499999999999 19.7815 4.062 1.0058 1.9129999999999998 1.811 1.781
9.908 15.347 19.806 4.098 1.0107 1.967 1.742 1.7449999999999999
9.908 15.445 19.5365 4.12 1.0118 1.9489999999999998 1.697 1.724
10.104000000000001 15.224499999999999 20.002000000000002 4.14 1.008 1.907 1.73 1.724
10.055 15.395999999999999 19.561 4.0760000000000005 1.0072 2.003 1.871 1.856
10.0795 15.298 19.7815 4.066 1.0061 1.778 1.7209999999999999 1.763
9.785499999999999 15.347 20.1 4.104 1.0104 1.928 1.778 1.757
9.9325 15.2 19.7325 4.17 1.0165 2.057 1.7149999999999999 1.79
9.957 15.3225 19.659 4.036 1.0073 1.976 1.769 1.76
9.8345 15.273499999999999 19.61 4.046 1.0030000000000001 1.9340000000000002 1.718 1.736
9.957 15.445 19.512 4.088 1.0093 1.9040000000000001 1.823 1.79
9.81 15.3225 19.8305 4.07 1.0102 1.9369999999999998 1.805 1.781
9.908 15.224499999999999 20.296000000000003 4.03 1.0054 1.94 1.802 1.784
9.859 15.1755 19.6835 4.1419999999999995 1.0154 1.94 1.7389999999999999 1.742
9.9815 15.4205 20.0755 4.162 1.0122 1.9100000000000001 1.796 1.781
10.055 15.3715 19.757 4.116 1.0122 1.979 1.874 1.847
9.8835 15.347 19.7325 4.16 1.0129 1.9969999999999999 1.778 1.79
9.859 15.3225 19.340500000000002 4.104 1.0086 1.883 1.778 1.751
10.1285 15.347 20.2225 4.096 1.006 1.883 1.8920000000000001 1.859
10.0305 15.395999999999999 20.1 4.036 1.0089 1.991 1.805 1.787
10.0305 15.248999999999999 19.855 4.156 1.0159 1.9580000000000002 1.748 1.742
9.8345 15.052999999999999 20.2715 4.14 1.0096 2.0060000000000002 1.706 1.757
9.81 15.494 19.659 4.026 1.0065 1.856 1.799 1.778
9.81 15.3225 20.051000000000002 4.1579999999999995 1.0149 2.0300000000000002 1.784 1.808
9.8345 15.347 19.953000000000003 4.202 1.0191000000000001 2.033 1.862 1.85
9.736500000000001 15.2 19.365 4.13 1.0115 1.895 1.751 1.724
10.055 15.3715 19.953000000000003 4.106 1.0084 2.0300000000000002 1.823 1.832
9.736500000000001 15.273499999999999 20.026500000000002 4.096 1.0153 2.0540000000000003 1.7209999999999999 1.787
10.006 15.5185 19.7815 4.17 1.0173 1.901 1.793 1.763
9.9815 15.5185 19.7325 4.082 1.0102 2.045 1.7120000000000002 1.784
9.859 15.1755 19.6835 4.062 1.0071 1.916 1.784 1.754
10.0305 15.273499999999999 19.879500000000004 4.118 1.0095 1.9129999999999998 1.7449999999999999 1.7209999999999999
9.785499999999999 15.273499999999999 20.002000000000002 4.094 1.0104 1.928 1.844 1.808
9.8835 15.2 19.5365 4.134 1.0133 1.943 1.82 1.79
9.908 15.494 19.855 4.05 1.0074 2.066 1.832 1.847
10.0305 15.494 19.806 4.072 1.0134 2.051 1.775 1.808
9.957 15.445 19.806 4.058 1.0077 1.859 1.784 1.751
9.9815 15.3715 19.340500000000002 4.1080000000000005 1.0088 1.838 1.805 1.787
10.006 15.3225 19.7815 4.078 1.0078 1.916 1.838 1.802
9.8835 15.248999999999999 20.2225 4.05 1.0089 1.955 1.763 1.76
9.859 15.395999999999999 19.855 4.134 1.0113 1.883 1.778 1.751
9.9325 15.298 19.61 4.104 1.0109 1.8800000000000001 1.793 1.763
9.859 15.224499999999999 19.8305 4.1240000000000006 1.0105 1.952 1.7269999999999999 1.736
9.859 15.1755 19.806 4.0760000000000005 1.0052 1.889 1.772 1.748
9.957 15.2 19.9775 4.1579999999999995 1.0105 1.9100000000000001 1.865 1.835
10.0795 15.273499999999999 20.418499999999998 4.038 1.0085 2.06 1.823 1.832
9.957 15.395999999999999 20.1245 4.084 1.0116 1.9699999999999998 1.757 1.757
10.0795 15.248999999999999 19.561 4.1080000000000005 1.0074 1.9489999999999998 1.751 1.751
9.8835 15.3225 19.806 4.042 1.0077 1.9939999999999998 1.7329999999999999 1.742
9.9325 15.5185 19.5365 4.074 1.0062 1.9100000000000001 1.877 1.85
9.859 15.347 19.659 4.138 1.0125 1.8980000000000001 1.817 1.787
9.859 15.347 19.4875 4.0760000000000005 1.0053 1.931 1.823 1.802
9.8345 15.3225 19.904 4.0920000000000005 1.0112 1.907 1.751 1.7329999999999999
9.8835 15.3715 19.6835 4.136 1.0123 2.033 1.868 1.859
9.9815 15.2 19.7815 4.118 1.0068 2.0540000000000003 1.799 1.832
9.9815 15.395999999999999 20.198 4.052 1.0089 1.9100000000000001 1.868 1.832
10.055 15.543 19.659 4.102 1.0139 2.012 1.847 1.832
9.859 15.224499999999999 19.4875 4.202 1.0150000000000001 2.057 1.796 1.832
9.589500000000001 15.4695 19.365 4.0600000000000005 1.0093 1.9249999999999998 1.73 1.724
9.761 15.298 20.002000000000002 4.114 1.0134 1.9249999999999998 1.874 1.85
10.006 15.395999999999999 19.953000000000003 4.15 1.0138 2.045 1.775 1.811
9.9815 15.248999999999999 19.904 4.246 1.0183 1.943 1.748 1.748
9.81 15.151 19.904 4.1419999999999995 1.0094 1.9369999999999998 1.76 1.757
9.785499999999999 15.101999999999999 20.0755 4.22 1.0204 2.093 1.835 1.85
9.761 15.298 19.953000000000003 4.104 1.0114 1.955 1.844 1.808
9.81 15.273499999999999 19.7325 4.118 1.0135 1.9040000000000001 1.763 1.742
9.785499999999999 15.1755 19.855 4.08 1.0092 1.9129999999999998 1.763 1.742
10.1285 15.347 19.708000000000002 4.1 1.0113 1.991 1.796 1.781
10.006 15.445 19.9285 4.04 1.0048 1.928 1.868 1.856
9.785499999999999 15.224499999999999 19.6835 4.154 1.0134 1.9969999999999999 1.784 1.79
9.859 15.151 20.173500000000004 4.118 1.0096 1.9100000000000001 1.736 1.724
9.957 15.5185 19.708000000000002 4.056 1.0057 2.0060000000000002 1.877 1.856
10.0795 15.445 19.9285 4.12 1.0148 2.093 1.706 1.811
10.1285 15.347 19.7815 4.066 1.0054 1.9489999999999998 1.778 1.763
9.8835 15.2 20.1 4.226 1.019 2.009 1.7030000000000003 1.754
9.736500000000001 15.347 19.2915 4.202 1.0178 1.9489999999999998 1.7449999999999999 1.748
10.0795 15.739 19.5855 4.07 1.0068 1.865 1.7000000000000002 1.724
9.9815 15.3225 19.561 4.14 1.0147 1.9489999999999998 1.769 1.757
9.8345 15.1755 19.855 4.122 1.0124 1.9729999999999999 1.754 1.754
10.0305 15.347 19.757 4.214 1.0172 1.8920000000000001 1.778 1.751
9.859 15.347 19.708000000000002 4.0600000000000005 1.0081 2.003 1.781 1.79
10.006 15.2 19.9775 4.168 1.0123 1.9969999999999999 1.814 1.811
9.9325 15.543 19.5855 4.176 1.0177 2.048 1.862 1.856
9.957 15.347 19.7325 4.0440000000000005 1.0053 1.9129999999999998 1.823 1.79
10.0305 15.543 19.7815 4.132 1.0131000000000001 1.901 1.865 1.829
15.5675 19.879500000000004 9.614 4.0760000000000005 1.0092 1.814 1.6520000000000001 1.748
9.9815 15.248999999999999 19.7325 4.168 1.0129 1.964 1.7329999999999999 1.754
9.785499999999999 15.3225 19.757 4.146 1.0162 1.9129999999999998 1.778 1.754
9.859 15.248999999999999 19.634500000000003 4.074 1.0099 1.9820000000000002 1.838 1.811
9.957 15.5675 19.806 4.0440000000000005 1.0059 1.9040000000000001 1.766 1.76
10.0305 15.273499999999999 19.879500000000004 4.132 1.0083 1.8980000000000001 1.823 1.79
9.908 15.445 19.8305 4.11 1.0136 1.952 1.73 1.736
9.761 14.979499999999998 20.418499999999998 4.16 1.0132 1.928 1.763 1.7449999999999999
10.055 15.004 19.855 4.194 1.0103 1.8980000000000001 1.76 1.742
9.908 15.3225 19.414 4.198 1.0181 1.94 1.769 1.757
9.638499999999999 15.395999999999999 19.4875 4.0600000000000005 1.0098 1.9100000000000001 1.784 1.757
10.006 15.445 19.340500000000002 4.07 1.0064 1.931 1.79 1.781
9.8345 15.347 19.8305 4.052 1.0032 1.895 1.823 1.787
9.908 15.4205 19.463 4.122 1.0150000000000001 1.9100000000000001 1.82 1.787
9.957 15.592 19.757 4.17 1.0165 1.8980000000000001 1.838 1.805
9.957 15.1755 19.953000000000003 4.086 1.0076 2.036 1.832 1.832
9.81 15.248999999999999 19.2425 4.136 1.0154 1.9580000000000002 1.7149999999999999 1.7209999999999999
10.104000000000001 15.494 19.7325 4.022 1.0054 2.021 1.856 1.85
10.006 15.395999999999999 19.708000000000002 4.082 1.0115 1.9100000000000001 1.787 1.757
15.395999999999999 20.026500000000002 9.9325 4.194 1.0195 1.697 1.6790000000000003 1.85
10.006 15.248999999999999 19.8305 4.098 1.009 1.895 1.775 1.748
9.9815 15.248999999999999 20.1 4.078 1.0079 1.919 1.817 1.784
9.859 15.4205 19.9775 4.042 1.0103 1.9369999999999998 1.814 1.787
10.006 15.3715 19.365 4.084 1.007 2.009 1.853 1.835
9.908 15.3715 19.806 4.082 1.0067 2.045 1.823 1.832
9.8835 15.273499999999999 19.634500000000003 4.104 1.0092 2.009 1.847 1.835
9.957 15.5185 19.953000000000003 4.178 1.0153 1.9939999999999998 1.784 1.79
9.859 15.224499999999999 19.9285 4.162 1.0113 1.901 1.805 1.781
9.8835 15.273499999999999 19.5855 4.114 1.009 2.0060000000000002 1.772 1.784
9.859 15.2 19.806 4.2379999999999995 1.0182 1.964 1.79 1.781
9.859 15.224499999999999 19.855 4.236 1.0191000000000001 1.9249999999999998 1.832 1.802
9.9815 15.4695 19.438499999999998 4.144 1.0151000000000001 1.9249999999999998 1.817 1.787
9.9815 15.641 19.6835 4.04 1.009 2.018 1.718 1.763
9.859 15.4205 19.855 4.022 1.0094 2.057 1.838 1.832
9.8835 15.3225 19.9775 4.088 1.0109 2.048 1.718 1.778
9.8345 15.494 19.4875 4.07 1.0081 1.9040000000000001 1.772 1.751
9.8345 15.273499999999999 19.8305 4.09 1.0108 1.916 1.784 1.757
9.908 15.2 20.149 4.23 1.0187 1.964 1.73 1.742
9.957 15.298 19.512 4.116 1.0143 1.979 1.787 1.781
9.908 15.2 19.61 4.186 1.0139 2.045 1.781 1.808
9.859 15.4695 19.438499999999998 4.066 1.0115 1.919 1.754 1.736
9.8345 15.347 20.1 4.144 1.0125 1.928 1.775 1.763
9.712 15.248999999999999 20.1 4.11 1.0136 1.919 1.832 1.802
9.9325 15.298 19.8305 4.18 1.0136 2.024 1.853 1.844
9.8345 15.5675 19.414 4.0600000000000005 1.0079 1.865 1.748 1.724
15.641 19.659 9.736500000000001 4.088 1.0091 1.8860000000000001 1.847 1.859
9.785499999999999 15.298 19.561 4.128 1.014 2.009 1.763 1.781
9.8835 15.347 20.2715 4.186 1.0141 2.0300000000000002 1.838 1.835
9.9325 15.101999999999999 20.051000000000002 4.064 1.0087 1.991 1.694 1.7209999999999999
9.957 15.3715 19.561 4.198 1.0156 1.988 1.7209999999999999 1.763
10.0305 15.5185 19.659 4.08 1.009 1.979 1.73 1.7449999999999999
9.614 15.4695 19.463 4.11 1.0129 1.979 1.754 1.763
9.6875 15.4695 19.634500000000003 4.02 1.0079 1.916 1.787 1.754
10.0305 15.4695 19.708000000000002 4.052 1.0066 1.9040000000000001 1.805 1.787
10.006 15.3225 19.561 4.232 1.0178 2.015 1.793 1.811
9.8345 15.347 19.904 4.106 1.0106 1.82 1.808 1.79
9.81 15.273499999999999 20.173500000000004 4.094 1.0104 1.8920000000000001 1.736 1.811
9.9325 15.494 19.438499999999998 4.064 1.0052 1.9369999999999998 1.889 1.859
9.9325 15.248999999999999 19.634500000000003 4.1259999999999994 1.0109 1.883 1.799 1.76
10.0795 15.4205 20.149 4.032 1.0076 1.835 1.7269999999999999 1.7389999999999999
10.055 14.881499999999999 20.051000000000002 4.2219999999999995 1.0108 2.0 1.781 1.79
10.055 15.273499999999999 19.855 4.182 1.0141 1.94 1.7389999999999999 1.7389999999999999
9.859 15.5675 19.634500000000003 4.054 1.006 1.9100000000000001 1.8920000000000001 1.856
10.0795 15.445 19.7325 4.05 1.006 2.033 1.874 1.853
9.859 15.248999999999999 19.8305 4.096 1.0067 2.021 1.856 1.85
9.8835 15.445 19.634500000000003 4.048 1.0076 1.9489999999999998 1.805 1.787
9.8835 15.298 19.5855 4.1899999999999995 1.0155 1.9609999999999999 1.694 1.736
10.0305 15.445 20.173500000000004 4.13 1.0141 2.051 1.6310000000000002 1.787
9.785499999999999 15.3225 19.4875 4.086 1.0065 1.9040000000000001 1.811 1.778
9.957 15.445 19.7815 4.118 1.011 1.8800000000000001 1.775 1.7449999999999999
9.785499999999999 15.347 19.9775 4.116 1.0133 2.015 1.82 1.811
10.006 15.494 19.8305 4.01 1.009 2.057 1.856 1.85
9.859 15.543 19.879500000000004 4.0280000000000005 1.0038 1.877 1.79 1.76
10.0795 15.248999999999999 20.149 4.026 1.0059 1.979 1.82 1.805
10.0795 15.445 20.2225 4.096 1.0149 2.048 1.709 1.784
9.8345 15.298 19.757 4.122 1.0104 2.027 1.706 1.784
9.859 15.052999999999999 20.0755 4.12 1.007 1.9969999999999999 1.757 1.781
9.9325 15.347 19.634500000000003 4.128 1.0108 1.901 1.763 1.742
9.8345 15.395999999999999 19.659 4.17 1.0183 2.084 1.829 1.844
9.761 15.445 19.463 4.068 1.0114 1.9939999999999998 1.874 1.847
10.055 15.2 20.7125 4.04 1.0038 1.8920000000000001 1.76 1.742
9.859 15.248999999999999 19.2915 4.156 1.0123 2.0060000000000002 1.763 1.778
9.859 15.3225 19.9775 4.0760000000000005 1.0088 2.06 1.775 1.811
10.055 15.273499999999999 20.296000000000003 4.018 1.0064 1.871 1.79 1.76
9.9815 15.248999999999999 19.953000000000003 4.128 1.0073 1.9939999999999998 1.796 1.808
9.859 15.298 19.9285 4.106 1.0114 1.901 1.838 1.808
9.859 15.298 19.708000000000002 4.1240000000000006 1.0114 2.0 1.7209999999999999 1.763
9.9815 15.298 19.904 4.11 1.0085 1.883 1.811 1.781
10.0305 15.2 19.9285 4.136 1.0139 2.024 1.85 1.832
10.055 15.4205 20.1 4.088 1.0156 1.874 1.769 1.7329999999999999
10.153 15.101999999999999 19.757 4.1080000000000005 1.0065 2.033 1.7269999999999999 1.787
9.8835 15.2 19.659 4.1259999999999994 1.0076 1.9219999999999997 1.754 1.757
9.9325 15.298 19.5365 4.166 1.0153 1.9129999999999998 1.778 1.751
15.494 19.5365 9.908 4.128 1.0112 1.826 1.748 1.754
9.761 15.273499999999999 19.7325 4.088 1.0086 2.027 1.877 1.856
9.9325 15.4205 19.5855 4.1080000000000005 1.0122 1.9219999999999997 1.772 1.751
9.785499999999999 15.0285 20.173500000000004 4.234 1.0194 1.9699999999999998 1.862 1.835
10.0305 15.2 19.9285 4.154 1.0133 2.075 1.772 1.805
9.81 15.273499999999999 19.659 4.1 1.011 1.907 1.841 1.808
9.859 15.3715 19.340500000000002 4.078 1.0102 1.877 1.877 1.859
9.9815 15.224499999999999 19.904 4.15 1.0130000000000001 1.9729999999999999 1.751 1.754
10.006 15.298 19.561 4.062 1.0065 1.931 1.865 1.835
9.908 15.224499999999999 19.879500000000004 4.152 1.0131000000000001 1.9459999999999997 1.724 1.7329999999999999
9.908 15.347 19.414 4.0440000000000005 1.0031 2.0060000000000002 1.7030000000000003 1.757
10.0795 15.273499999999999 19.9775 4.074 1.0076 1.979 1.859 1.835
10.104000000000001 15.5185 19.806 4.1259999999999994 1.0150000000000001 1.8860000000000001 1.766 1.7329999999999999
9.9325 15.151 20.026500000000002 4.118 1.0117 1.919 1.784 1.757
9.9815 15.395999999999999 19.953000000000003 4.094 1.008 1.868 1.808 1.793
9.908 15.347 19.5365 4.104 1.0109 2.06 1.865 1.859
10.0795 15.6655 19.9775 4.052 1.0084 1.895 1.772 1.7449999999999999
9.957 15.248999999999999 19.5855 4.162 1.0129 1.883 1.754 1.724
9.908 15.224499999999999 19.904 4.16 1.0136 1.874 1.832 1.802
15.445 19.904 9.8345 4.082 1.0081 1.6760000000000002 1.6790000000000003 1.847
9.736500000000001 15.395999999999999 19.61 4.176 1.019 1.9609999999999999 1.7449999999999999 1.748
10.055 15.445 19.7325 4.138 1.0146 2.0060000000000002 1.802 1.799
10.006 15.151 20.051000000000002 4.094 1.008 1.919 1.748 1.7329999999999999
9.859 15.5675 19.561 4.072 1.0108 1.9100000000000001 1.787 1.763
9.785499999999999 15.347 19.9775 4.152 1.0131000000000001 1.9040000000000001 1.787 1.763
10.0795 15.395999999999999 19.659 4.112 1.009 1.955 1.748 1.751
9.957 15.3225 19.9285 4.16 1.0135 1.931 1.841 1.811
10.153 15.298 19.7325 4.11 1.0119 1.9459999999999997 1.763 1.7449999999999999
10.0305 15.248999999999999 19.659 4.1739999999999995 1.0137 1.943 1.742 1.742
9.9325 15.445 19.9285 4.058 1.0121 1.943 1.742 1.736
9.859 15.3715 19.5365 4.042 1.0065 1.9129999999999998 1.742 1.7269999999999999
9.957 15.298 19.953000000000003 4.1419999999999995 1.0153 2.0060000000000002 1.772 1.787
9.8345 15.4205 19.8305 4.098 1.011 2.039 1.751 1.802
9.81 15.273499999999999 19.7815 4.136 1.0116 1.874 1.787 1.757
10.0795 15.298 19.61 4.226 1.0162 1.865 1.781 1.754
9.957 15.273499999999999 19.7815 4.164 1.0128 2.045 1.844 1.847
9.9815 15.248999999999999 19.757 4.116 1.0089 1.8800000000000001 1.814 1.784
9.8345 15.1755 19.6835 4.132 1.0107 1.916 1.844 1.811
9.8345 15.151 20.320500000000003 4.094 1.0149 2.066 1.754 1.805
9.8345 15.347 19.904 4.1259999999999994 1.0146 1.9729999999999999 1.748 1.757
10.104000000000001 15.592 19.806 4.114 1.0124 1.838 1.781 1.7449999999999999
9.859 15.5185 19.438499999999998 4.052 1.0073 1.9580000000000002 1.694 1.7209999999999999
9.908 15.3225 19.561 4.202 1.0172 1.964 1.7389999999999999 1.751
9.9815 15.4205 19.5365 4.068 1.0063 1.919 1.73 1.7209999999999999
9.712 15.347 19.659 4.128 1.0116 1.9369999999999998 1.6909999999999998 1.7209999999999999
10.0795 15.298 19.9285 4.168 1.0129 1.844 1.796 1.76
9.9815 15.273499999999999 19.8305 4.1 1.0102 1.931 1.748 1.736
10.0305 15.248999999999999 19.806 4.1080000000000005 1.0102 1.979 1.802 1.79
10.0795 15.6165 19.708000000000002 4.054 1.0107 1.853 1.793 1.76
9.859 15.224499999999999 19.512 4.15 1.0132 2.0060000000000002 1.778 1.79
9.9815 15.3225 20.0755 4.0600000000000005 1.0079 1.9820000000000002 1.742 1.7449999999999999
9.712 14.979499999999998 20.0755 4.07 1.0032 1.94 1.76 1.754
9.9325 15.273499999999999 20.0755 4.116 1.0108 1.847 1.772 1.76
9.9325 15.1755 19.757 4.116 1.0119 2.042 1.868 1.859
10.006 15.4695 19.9285 4.022 1.0039 1.988 1.736 1.787
10.006 15.5185 19.708000000000002 4.1 1.0157 2.045 1.787 1.808
10.104000000000001 15.248999999999999 20.0755 4.09 1.0082 1.94 1.709 1.7209999999999999
10.055 15.248999999999999 19.708000000000002 4.176 1.0108 1.9609999999999999 1.706 1.7329999999999999
10.1285 15.347 19.757 4.104 1.0104 2.018 1.706 1.757
10.0305 15.5185 19.61 4.12 1.0134 1.94 1.868 1.832
9.859 15.3225 19.4875 4.166 1.0139 1.916 1.865 1.835
9.957 15.395999999999999 19.7815 4.162 1.0159 2.0 1.877 1.856
9.81 15.273499999999999 19.61 4.152 1.0143 2.048 1.781 1.808
10.055 15.3715 19.708000000000002 4.148 1.0163 2.042 1.7449999999999999 1.79
9.8345 15.298 19.879500000000004 4.148 1.0138 1.919 1.751 1.7389999999999999
10.1285 15.347 19.8305 4.166 1.0128 2.0 1.757 1.781
9.859 15.101999999999999 20.051000000000002 4.128 1.0081 1.9040000000000001 1.769 1.748
9.8345 15.151 20.002000000000002 4.116 1.0102 1.967 1.826 1.802
9.8835 15.3715 20.026500000000002 4.136 1.0123 1.907 1.7329999999999999 1.742
10.0795 15.298 19.6835 4.13 1.0105 1.901 1.838 1.799
9.859 15.273499999999999 19.806 4.068 1.0067 1.9219999999999997 1.793 1.811
9.81 15.2 19.8305 4.066 1.0072 1.9129999999999998 1.811 1.781
9.859 15.151 19.8305 4.148 1.0108 1.841 1.718 1.736
10.153 15.4205 20.345 4.182 1.0166 1.991 1.769 1.781
9.957 15.248999999999999 19.365 4.1579999999999995 1.0104 1.853 1.757 1.724
9.9815 15.395999999999999 20.1245 4.04 1.0093 2.063 1.787 1.811
9.8835 15.445 19.8305 4.04 1.0055 1.919 1.799 1.787
10.0305 15.248999999999999 20.1 4.1579999999999995 1.0142 2.009 1.7209999999999999 1.763
9.859 15.101999999999999 20.1245 4.0760000000000005 1.0073 1.874 1.754 1.7209999999999999
9.8835 15.543 19.438499999999998 4.1259999999999994 1.0128 1.9129999999999998 1.787 1.763
9.908 15.2 19.9285 4.144 1.0128 1.874 1.769 1.742
9.9325 15.3715 19.708000000000002 4.05 1.0086 1.9699999999999998 1.802 1.784
10.1285 15.2 19.8305 4.15 1.0154 1.919 1.784 1.76
9.957 15.298 19.4875 4.09 1.0102 1.868 1.796 1.763
10.006 15.224499999999999 19.8305 4.164 1.0131000000000001 2.0060000000000002 1.706 1.757
9.712 15.052999999999999 20.418499999999998 4.038 1.008 1.928 1.772 1.751
9.8345 15.0285 20.0755 4.152 1.0152 2.018 1.766 1.784
9.81 15.224499999999999 19.904 4.056 1.0055 1.877 1.817 1.784
10.0305 15.592 19.757 4.102 1.01 1.916 1.799 1.808
9.9325 15.4205 19.659 4.096 1.008 1.868 1.862 1.832
9.712 15.543 19.414 4.1259999999999994 1.0163 2.033 1.874 1.859
10.104000000000001 15.248999999999999 19.708000000000002 4.102 1.0092 2.033 1.784 1.808
10.006 15.592 19.5365 4.062 1.0077 1.9580000000000002 1.793 1.781
9.9325 15.347 20.026500000000002 4.072 1.0123 1.9459999999999997 1.7269999999999999 1.7209999999999999
10.1285 15.3225 20.026500000000002 4.104 1.0081 1.874 1.769 1.742
10.006 15.2 19.463 4.1579999999999995 1.0098 1.9129999999999998 1.766 1.748
9.859 15.3225 19.438499999999998 4.062 1.0054 1.928 1.772 1.763
9.8345 15.2 19.9285 4.084 1.0075 1.9219999999999997 1.781 1.757
9.908 15.224499999999999 20.394000000000002 4.1259999999999994 1.0107 2.003 1.79 1.811
9.908 15.248999999999999 19.9285 4.122 1.0108 1.907 1.787 1.757
9.859 15.298 19.634500000000003 4.086 1.0068 1.979 1.874 1.859
9.81 15.3715 20.002000000000002 4.176 1.0172 1.94 1.829 1.802
10.0795 15.224499999999999 19.953000000000003 4.072 1.008 1.859 1.7269999999999999 1.787
9.8345 15.4205 19.855 4.178 1.0184 1.964 1.796 1.781
9.859 15.298 19.340500000000002 4.102 1.012 1.9580000000000002 1.889 1.862
9.908 15.494 19.953000000000003 4.054 1.0093 1.919 1.859 1.829
9.81 15.3225 19.634500000000003 4.188 1.0154 1.9580000000000002 1.757 1.763
10.0795 15.3715 20.1 4.1259999999999994 1.0105 1.9580000000000002 1.835 1.808
9.9815 15.3715 19.757 4.058 1.0067 2.012 1.7149999999999999 1.76
9.957 15.2 19.879500000000004 4.24 1.0177 1.9369999999999998 1.7329999999999999 1.736
9.908 15.298 19.463 4.09 1.0129 1.928 1.778 1.751
9.9325 15.3225 19.414 4.104 1.0092 2.0540000000000003 1.826 1.832
9.957 15.0775 20.051000000000002 4.118 1.0109 1.9849999999999999 1.7269999999999999 1.748
9.908 15.3225 19.904 4.088 1.0108 1.868 1.826 1.79
10.0305 15.347 20.247000000000003 4.04 1.0054 1.9969999999999999 1.859 1.85
9.761 15.273499999999999 20.149 4.17 1.0177 2.003 1.868 1.847
9.859 15.2 19.561 4.172 1.0146 1.9249999999999998 1.841 1.811
9.736500000000001 15.298 19.5365 4.068 1.0097 1.988 1.673 1.724
9.9815 15.298 20.149 4.1240000000000006 1.0133 1.9459999999999997 1.829 1.802
9.859 15.347 20.2225 4.042 1.0071 1.919 1.769 1.748
9.9815 15.347 19.5365 4.094 1.0108 1.9699999999999998 1.862 1.832
9.908 15.445 19.953000000000003 4.0440000000000005 1.008 1.901 1.763 1.7389999999999999
9.859 15.3225 19.5855 4.088 1.0093 1.967 1.742 1.7449999999999999
10.006 15.224499999999999 19.855 4.156 1.0137 1.9699999999999998 1.883 1.85
9.859 15.1755 19.806 4.234 1.0176 1.9129999999999998 1.757 1.742
9.8345 15.3715 19.904 4.13 1.0143 2.009 1.5859999999999999 1.7449999999999999
9.908 15.224499999999999 19.879500000000004 4.128 1.0113 1.928 1.889 1.859
9.859 15.2 20.59 4.202 1.0177 1.895 1.835 1.799
9.761 15.4205 19.708000000000002 4.0280000000000005 1.0055 1.9219999999999997 1.784 1.763
10.104000000000001 15.273499999999999 20.149 4.1 1.0121 1.9820000000000002 1.7329999999999999 1.7389999999999999
9.9325 15.494 19.659 4.058 1.0058 1.853 1.784 1.748
10.0305 15.347 19.561 4.166 1.0168 1.9219999999999997 1.817 1.79
9.957 15.3225 20.1245 4.0920000000000005 1.0116 2.003 1.73 1.784
10.104000000000001 15.2 20.59 4.034 1.0049 1.964 1.6640000000000001 1.724
9.712 15.4205 19.806 4.052 1.0095 1.9129999999999998 1.742 1.7269999999999999
9.81 15.347 20.2715 4.036 1.008 1.9100000000000001 1.742 1.724
9.859 15.347 19.9285 4.07 1.0105 1.8920000000000001 1.781 1.748
9.8835 15.151 20.026500000000002 4.16 1.0124 2.0060000000000002 1.811 1.805
9.957 15.273499999999999 19.855 4.098 1.0087 1.871 1.82 1.79
9.957 15.395999999999999 20.1245 4.136 1.016 2.015 1.769 1.787
9.908 15.3225 19.463 4.164 1.0142 1.9609999999999999 1.796 1.778
10.0305 15.5185 19.5855 4.07 1.0071 1.9249999999999998 1.838 1.811
9.908 15.3225 19.9285 4.1419999999999995 1.0126 1.94 1.802 1.784
10.006 15.641 19.757 4.046 1.0067 1.9609999999999999 1.76 1.763
9.9325 15.4205 19.9285 4.2 1.0171000000000001 2.0300000000000002 1.736 1.79
9.859 15.248999999999999 19.7815 4.0920000000000005 1.0066 1.859 1.697 1.724
9.8835 15.151 19.879500000000004 4.08 1.0068 2.039 1.769 1.802
10.0795 15.543 19.6835 4.114 1.014 1.9609999999999999 1.736 1.748
10.104000000000001 15.6655 19.61 4.1739999999999995 1.0175 2.06 1.832 1.847
9.957 15.3225 19.634500000000003 4.078 1.0093 2.012 1.76 1.781
10.153 15.347 19.7325 4.064 1.0052 2.057 1.853 1.85
9.736500000000001 15.3715 19.757 4.054 1.0048 1.901 1.862 1.832
10.0305 15.126499999999998 20.247000000000003 4.16 1.0113 1.9969999999999999 1.7120000000000002 1.781
9.957 15.273499999999999 19.463 4.13 1.0108 2.0540000000000003 1.754 1.799
9.9325 15.1755 19.5855 4.118 1.0115 1.979 1.796 1.778
9.908 15.3715 20.002000000000002 4.144 1.0126 1.94 1.781 1.763
10.1285 15.248999999999999 19.6835 4.09 1.0051 1.862 1.808 1.793
9.614 15.273499999999999 19.879500000000004 4.086 1.01 2.0300000000000002 1.7389999999999999 1.79
10.006 15.2 19.9775 4.144 1.0099 1.943 1.79 1.808
9.761 15.273499999999999 19.953000000000003 4.036 1.0072 1.931 1.802 1.778
9.8345 15.298 19.561 4.072 1.0098 1.976 1.76 1.757
9.908 15.4205 19.855 4.014 1.0076 1.9340000000000002 1.877 1.85
9.8345 15.494 19.61 4.07 1.0055 1.9040000000000001 1.811 1.781
10.104000000000001 15.273499999999999 19.7815 4.188 1.0138 1.9340000000000002 1.7449999999999999 1.742
9.9325 15.101999999999999 20.026500000000002 4.172 1.0144 1.862 1.778 1.7449999999999999
9.9325 15.298 19.7815 4.072 1.0074 1.952 1.751 1.754
9.908 15.298 19.9775 4.094 1.0083 1.907 1.736 1.7269999999999999
10.006 15.395999999999999 19.340500000000002 4.086 1.0068 2.015 1.853 1.847
9.9815 15.592 19.7325 4.178 1.0183 1.967 1.7449999999999999 1.757
9.908 15.052999999999999 20.149 4.188 1.0141 1.8920000000000001 1.775 1.7449999999999999
9.8835 15.347 19.561 4.188 1.0169 1.955 1.7030000000000003 1.7329999999999999
9.8835 15.3715 19.757 4.1080000000000005 1.0152 1.9219999999999997 1.757 1.7329999999999999
15.6655 19.659 9.785499999999999 4.132 1.0139 1.685 1.682 1.859
10.0795 15.3225 19.7815 4.074 1.0056 1.8920000000000001 1.796 1.763
9.81 15.298 19.9285 4.104 1.0118 1.928 1.805 1.784
10.104000000000001 15.248999999999999 19.953000000000003 4.164 1.0164 2.0060000000000002 1.85 1.832
9.81 15.1755 19.7325 4.086 1.0079 1.943 1.769 1.754
9.8345 15.445 19.659 4.112 1.0148 1.919 1.742 1.724
10.0305 15.224499999999999 20.418499999999998 4.042 1.0086 1.871 1.841 1.808
9.859 15.298 19.512 4.096 1.0094 1.9249999999999998 1.817 1.79
9.8345 15.4205 20.0755 4.008 1.0034 2.0 1.706 1.757
9.957 15.298 19.5855 4.156 1.0134 2.06 1.646 1.787
9.81 15.395999999999999 19.7815 4.064 1.0115 2.06 1.772 1.808
9.859 15.273499999999999 20.0755 4.104 1.0132 1.979 1.79 1.781
9.9325 15.224499999999999 19.8305 4.128 1.0075 1.9129999999999998 1.808 1.787
9.957 15.395999999999999 19.316 4.04 1.0067 1.9489999999999998 1.841 1.811
10.0795 15.273499999999999 19.659 4.182 1.0121 1.832 1.793 1.763
10.006 15.298 19.634500000000003 4.134 1.0116 1.9699999999999998 1.877 1.853
9.8345 15.052999999999999 20.1 4.128 1.0118 1.931 1.7449999999999999 1.7329999999999999
10.0795 15.248999999999999 19.6835 4.0760000000000005 1.0068 1.967 1.859 1.832
10.006 15.2 20.002000000000002 4.172 1.0167 1.9249999999999998 1.754 1.7329999999999999
9.9815 15.395999999999999 19.9775 4.088 1.0104 1.9609999999999999 1.697 1.724
9.81 15.395999999999999 19.7815 4.07 1.0123 2.045 1.769 1.802
9.9325 15.224499999999999 19.757 4.236 1.0176 1.847 1.814 1.781
9.81 15.3225 19.879500000000004 4.098 1.0132 2.012 1.769 1.787
9.908 15.1755 19.879500000000004 4.1579999999999995 1.01 1.9129999999999998 1.757 1.742
9.859 15.1755 19.708000000000002 4.148 1.0123 1.9340000000000002 1.7329999999999999 1.736
9.589500000000001 15.298 19.806 4.134 1.0135 1.883 1.769 1.742
9.957 15.1755 19.806 4.0920000000000005 1.0103 1.988 1.802 1.787
9.81 15.1755 20.002000000000002 4.062 1.0061 1.9939999999999998 1.817 1.811
9.8345 15.494 19.8305 4.0 1.0075 1.979 1.802 1.784
9.9325 14.905999999999999 19.806 4.212 1.0139 1.976 1.697 1.736
9.81 15.347 20.026500000000002 4.046 1.0086 1.967 1.805 1.787
9.81 15.248999999999999 19.8305 4.046 1.0074 1.979 1.772 1.76
9.785499999999999 15.3225 19.8305 4.036 1.0058 1.943 1.868 1.835
9.81 15.2 19.659 4.184 1.0149 1.901 1.742 1.7269999999999999
10.0305 15.248999999999999 19.5855 4.0760000000000005 1.0061 1.964 1.802 1.787
9.9815 15.224499999999999 19.757 4.098 1.0076 2.033 1.7149999999999999 1.784
10.0795 15.5675 19.806 4.036 1.0061 2.012 1.838 1.835
9.859 15.543 19.4875 4.1240000000000006 1.0149 1.865 1.814 1.781
9.859 15.347 19.438499999999998 4.084 1.0069 1.94 1.751 1.742
10.006 15.273499999999999 20.1 4.068 1.0085 2.06 1.7209999999999999 1.784
9.9325 15.5675 19.879500000000004 4.022 1.0033 1.9609999999999999 1.697 1.7329999999999999
10.153 15.347 19.659 4.144 1.0157 2.045 1.856 1.847
9.8835 15.298 19.4875 4.178 1.0137 1.9040000000000001 1.769 1.748
9.8835 15.224499999999999 19.904 4.112 1.0112 1.9729999999999999 1.694 1.724
10.104000000000001 15.395999999999999 19.879500000000004 4.05 1.0066 2.012 1.7030000000000003 1.754
9.785499999999999 15.395999999999999 19.708000000000002 4.1259999999999994 1.0161 1.955 1.748 1.7449999999999999
9.9325 15.273499999999999 19.855 4.202 1.0137 2.072 1.832 1.85
10.006 15.248999999999999 20.1 4.226 1.0153 2.036 1.85 1.844
9.663 15.2 19.512 4.082 1.0118 1.9340000000000002 1.7269999999999999 1.724
10.0305 15.4205 19.8305 4.0600000000000005 1.0084 1.943 1.7269999999999999 1.7329999999999999
10.055 15.494 19.757 4.066 1.008 1.9699999999999998 1.7000000000000002 1.7209999999999999
9.9325 15.4205 19.2915 4.1080000000000005 1.0128 1.9820000000000002 1.799 1.784
9.908 15.248999999999999 19.634500000000003 4.248 1.0187 1.955 1.757 1.751
9.785499999999999 15.248999999999999 19.512 4.0 1.0035 1.85 1.769 1.763
9.9325 15.347 19.561 4.066 1.0058 1.907 1.748 1.7329999999999999
9.785499999999999 15.273499999999999 19.61 4.094 1.0091 1.9219999999999997 1.808 1.784
10.006 15.224499999999999 19.879500000000004 4.236 1.0187 1.9699999999999998 1.823 1.802
9.957 15.298 19.512 4.154 1.0154 1.931 1.76 1.748
9.9815 15.445 19.879500000000004 4.14 1.0123 1.8860000000000001 1.7120000000000002 1.7329999999999999
9.908 15.248999999999999 20.026500000000002 4.1739999999999995 1.0128 1.9459999999999997 1.757 1.754
9.81 15.126499999999998 20.1245 4.166 1.0109 1.955 1.7209999999999999 1.7329999999999999
10.006 15.2 19.7815 4.178 1.0149 1.964 1.835 1.808
9.957 15.395999999999999 19.512 4.096 1.0123 1.9699999999999998 1.793 1.778
9.859 15.347 20.198 4.022 1.0078 1.9580000000000002 1.808 1.781
10.0795 15.273499999999999 19.7325 4.07 1.0030000000000001 1.9100000000000001 1.8800000000000001 1.85
9.957 15.3715 19.6835 4.082 1.0092 1.9609999999999999 1.742 1.748
9.712 15.248999999999999 19.438499999999998 4.054 1.0072 1.976 1.7389999999999999 1.748
10.055 15.395999999999999 20.051000000000002 4.0120000000000005 1.0065 1.9609999999999999 1.823 1.802
9.9325 15.4695 19.9775 4.024 1.0086 1.9100000000000001 1.793 1.76
10.006 15.347 20.1245 4.088 1.0122 1.916 1.757 1.736
15.5675 19.8305 9.81 4.088 1.0098 1.895 1.7209999999999999 1.808
9.957 15.004 19.7325 4.184 1.0111 1.916 1.8800000000000001 1.844
9.908 15.395999999999999 19.757 4.098 1.0133 1.9729999999999999 1.805 1.79
9.9815 15.347 19.879500000000004 4.088 1.0092 1.85 1.868 1.85
10.153 15.298 20.320500000000003 4.1240000000000006 1.0119 1.943 1.799 1.784
9.908 15.347 19.4875 4.144 1.0143 1.9249999999999998 1.817 1.79
10.0305 15.052999999999999 20.1 4.178 1.0072 1.901 1.736 1.742
9.8835 15.5185 19.7815 4.0920000000000005 1.0138 1.9100000000000001 1.859 1.832
9.9325 15.151 20.051000000000002 4.1259999999999994 1.0123 2.021 1.718 1.763
9.761 15.3715 19.5855 4.166 1.0178 2.045 1.661 1.787
10.006 15.2 20.491999999999997 4.182 1.0168 1.967 1.796 1.784
10.0795 15.445 19.5365 4.094 1.0075 1.952 1.748 1.751
10.104000000000001 15.224499999999999 19.6835 4.164 1.0122 1.916 1.82 1.787
9.957 15.347 19.6835 4.198 1.0199 1.9489999999999998 1.778 1.76
9.908 15.273499999999999 20.026500000000002 4.024 1.0034 1.943 1.877 1.847
9.9325 15.273499999999999 19.512 4.1080000000000005 1.0097 1.9729999999999999 1.7000000000000002 1.7329999999999999
9.8835 15.151 19.953000000000003 4.062 1.0023 1.901 1.784 1.757
9.859 15.395999999999999 19.757 4.11 1.0113 1.865 1.787 1.754
9.9815 15.1755 20.1245 4.152 1.0125 1.9040000000000001 1.787 1.757
10.0305 15.6165 19.6835 4.084 1.0093 1.9459999999999997 1.805 1.781
15.6165 19.806 9.859 4.0760000000000005 1.0129 1.6909999999999998 1.682 1.85
9.9815 15.494 19.7815 4.098 1.0137 1.976 1.763 1.763
9.8345 15.224499999999999 20.026500000000002 4.096 1.0064 1.9489999999999998 1.835 1.811
9.8345 15.298 19.757 4.15 1.0145 1.9249999999999998 1.826 1.802
9.9815 15.4205 19.5365 4.122 1.0167 2.024 1.883 1.859
9.908 15.4695 19.9285 4.118 1.0143 2.012 1.772 1.802
10.055 15.543 19.5855 4.066 1.0054 1.9129999999999998 1.7269999999999999 1.724
9.785499999999999 15.151 19.7325 4.172 1.0112 2.072 1.853 1.856
9.859 15.395999999999999 19.708000000000002 4.156 1.0119 2.039 1.865 1.859
10.0795 15.347 19.708000000000002 4.094 1.006 1.859 1.697 1.724
9.761 15.273499999999999 19.8305 4.082 1.006 1.931 1.796 1.814
9.957 15.3715 19.5855 4.086 1.0063 1.9249999999999998 1.769 1.802
9.9815 15.395999999999999 19.659 4.13 1.0130000000000001 2.0060000000000002 1.7030000000000003 1.76
9.957 15.445 19.953000000000003 4.13 1.0147 2.027 1.829 1.835
9.5405 15.298 19.561 4.0760000000000005 1.0064 1.859 1.778 1.7449999999999999
9.908 15.224499999999999 19.8305 4.128 1.0119 2.066 1.673 1.781
9.8345 15.3715 19.855 4.08 1.0106 1.955 1.7449999999999999 1.742
9.81 15.224499999999999 19.708000000000002 4.084 1.0077 1.874 1.769 1.742
10.055 15.3225 19.9775 4.0600000000000005 1.0048 1.9489999999999998 1.763 1.757
9.908 15.445 19.7325 4.05 1.0059 1.9100000000000001 1.817 1.787
10.006 15.3225 19.855 4.0920000000000005 1.0103 1.9609999999999999 1.826 1.802
9.761 15.5675 19.6835 4.104 1.0148 2.003 1.85 1.832
9.9325 15.395999999999999 19.61 4.094 1.01 1.883 1.751 1.724
9.785499999999999 15.224499999999999 19.634500000000003 4.148 1.0115 1.9580000000000002 1.7030000000000003 1.7329999999999999
9.9815 15.224499999999999 19.634500000000003 4.178 1.0144 1.8980000000000001 1.844 1.811
9.736500000000001 15.052999999999999 19.953000000000003 4.168 1.0126 2.027 1.874 1.859
9.8835 15.151 19.806 4.11 1.0105 1.9729999999999999 1.697 1.724
10.1285 15.298 19.953000000000003 4.2219999999999995 1.0208 1.9729999999999999 1.697 1.724
9.859 15.347 19.8305 4.052 1.0069 1.979 1.7329999999999999 1.754
9.8345 15.3715 19.757 4.026 1.0062 1.9340000000000002 1.832 1.799
9.761 15.151 19.904 4.102 1.0096 1.883 1.751 1.724
9.859 15.273499999999999 19.561 4.058 1.0032 1.907 1.754 1.742
9.9815 15.347 19.904 4.052 1.0056 1.9939999999999998 1.766 1.802
9.9815 15.3715 19.708000000000002 4.042 1.0067 1.8980000000000001 1.772 1.7449999999999999
9.8345 15.298 20.0755 4.138 1.0167 1.955 1.814 1.787
9.9325 15.3715 19.438499999999998 4.07 1.0058 1.928 1.736 1.79
9.9325 15.4695 19.708000000000002 4.0760000000000005 1.009 2.012 1.772 1.799
9.9325 15.5675 19.7815 4.104 1.0170000000000001 1.964 1.811 1.79
10.0795 15.494 20.198 4.118 1.0149 2.057 1.7149999999999999 1.79
9.8835 15.347 19.4875 4.1240000000000006 1.0133 1.967 1.889 1.859
9.761 15.4695 19.708000000000002 4.042 1.009 1.919 1.772 1.7449999999999999
9.785499999999999 15.273499999999999 19.634500000000003 4.038 1.0074 1.943 1.826 1.802
9.9815 15.2 20.0755 4.156 1.0128 2.009 1.817 1.811
9.859 15.0285 20.173500000000004 4.116 1.0121 1.9820000000000002 1.799 1.787
9.9325 15.3715 19.757 4.078 1.0054 1.9340000000000002 1.793 1.811
9.8345 15.4205 19.904 4.12 1.0129 2.039 1.6790000000000003 1.784
9.9325 15.347 19.806 4.046 1.0053 1.9489999999999998 1.694 1.7209999999999999
9.8835 15.445 19.659 4.12 1.0132 2.0 1.685 1.754
9.712 15.248999999999999 20.2225 4.052 1.0098 1.976 1.7149999999999999 1.742
10.0305 15.298 20.0755 4.15 1.0109 1.967 1.832 1.811
9.908 15.347 19.0955 4.21 1.0173 1.919 1.817 1.79
10.0795 15.4695 19.659 4.07 1.0086 1.901 1.811 1.787
10.0305 15.224499999999999 20.026500000000002 4.15 1.0121 1.9609999999999999 1.76 1.76
10.0305 15.395999999999999 19.267 4.144 1.0125 1.955 1.802 1.787
9.9815 15.273499999999999 19.953000000000003 4.096 1.0079 2.048 1.82 1.832
9.638499999999999 15.224499999999999 19.5855 4.0760000000000005 1.0068 1.955 1.769 1.802
9.9325 15.273499999999999 19.904 4.154 1.0119 1.8860000000000001 1.742 1.7449999999999999
9.859 15.126499999999998 19.953000000000003 4.1 1.0091 2.0540000000000003 1.6880000000000002 1.784
10.0795 15.395999999999999 19.0465 4.088 1.0105 1.928 1.8800000000000001 1.85
9.8345 15.5675 19.806 4.038 1.0083 1.877 1.841 1.811
9.9325 15.4205 19.634500000000003 4.118 1.01 1.9100000000000001 1.709 1.7329999999999999
9.8835 15.2 20.369500000000002 4.122 1.0122 1.928 1.763 1.754
9.9815 15.592 19.904 4.0280000000000005 1.0062 1.9459999999999997 1.859 1.847
9.859 15.3225 20.026500000000002 4.118 1.0130000000000001 1.901 1.763 1.7449999999999999
9.8345 15.395999999999999 20.173500000000004 4.004 1.0091 1.883 1.757 1.724
9.859 15.248999999999999 19.757 4.184 1.0171000000000001 1.9580000000000002 1.73 1.7329999999999999
9.9325 15.494 19.879500000000004 4.116 1.0158 1.928 1.757 1.742
9.9325 15.3225 19.8305 4.068 1.0098 1.988 1.805 1.787
9.81 15.101999999999999 20.1 4.146 1.0115 2.0060000000000002 1.763 1.778
9.9325 15.4695 19.855 4.1240000000000006 1.0178 1.9249999999999998 1.742 1.724
10.006 15.592 19.61 4.07 1.0095 2.021 1.796 1.802
10.0305 15.347 19.634500000000003 4.23 1.0166 1.8920000000000001 1.754 1.7329999999999999
9.9815 15.445 19.953000000000003 4.02 1.0064 1.868 1.772 1.7449999999999999
10.104000000000001 15.273499999999999 19.806 4.08 1.0084 1.916 1.787 1.757
9.957 15.3715 19.6835 4.164 1.0202 1.967 1.862 1.835
9.9325 15.1755 19.879500000000004 4.1259999999999994 1.0126 1.9369999999999998 1.8860000000000001 1.859
10.0305 15.273499999999999 19.879500000000004 4.106 1.0107 1.931 1.784 1.763
10.0305 15.273499999999999 19.9285 4.116 1.0091 1.862 1.757 1.724
9.908 15.151 20.0755 4.07 1.0056 1.8920000000000001 1.8800000000000001 1.856
10.055 15.4205 20.2225 4.046 1.0025 1.928 1.718 1.781
9.9325 15.445 19.708000000000002 4.068 1.0064 1.9100000000000001 1.76 1.757
10.055 15.248999999999999 19.659 4.14 1.0144 1.964 1.814 1.79
10.153 15.347 19.904 4.176 1.0156 1.976 1.787 1.784
10.0795 15.5675 19.855 4.088 1.0146 2.036 1.832 1.835
9.8835 15.101999999999999 20.247000000000003 4.18 1.0127 2.0 1.775 1.787
10.055 15.298 20.418499999999998 4.04 1.0045 1.964 1.742 1.751
10.0305 15.0285 20.002000000000002 4.152 1.0103 1.8980000000000001 1.76 1.7329999999999999
9.957 15.445 19.708000000000002 4.064 1.0122 1.8860000000000001 1.757 1.7269999999999999
9.9325 15.224499999999999 19.5855 4.062 1.0043 1.9369999999999998 1.697 1.724
10.1285 15.4205 19.708000000000002 4.144 1.0135 1.874 1.871 1.847
9.9815 15.4205 19.879500000000004 4.136 1.016 2.036 1.859 1.847
9.908 15.3715 19.6835 4.084 1.0093 1.9249999999999998 1.835 1.802
10.006 15.248999999999999 19.757 4.11 1.0096 1.967 1.757 1.757
9.9325 15.224499999999999 19.7325 4.096 1.0096 2.012 1.754 1.781
9.957 15.1755 19.757 4.058 1.0089 1.9969999999999999 1.79 1.778
10.055 15.347 19.6835 4.162 1.0115 1.8800000000000001 1.772 1.742
9.8835 15.298 19.9285 4.15 1.0117 1.9489999999999998 1.805 1.784
9.8835 15.101999999999999 20.149 4.172 1.0135 1.9219999999999997 1.808 1.781
9.8835 15.2 19.757 4.1419999999999995 1.0166 2.099 1.829 1.85
9.859 15.052999999999999 20.0755 4.17 1.0129 1.955 1.769 1.757
9.81 15.101999999999999 20.173500000000004 4.11 1.0085 1.9580000000000002 1.808 1.79
10.006 15.2 19.879500000000004 4.112 1.0071 1.991 1.802 1.802
9.859 15.4205 19.7815 4.032 1.0047 1.85 1.817 1.784
9.957 15.5675 19.438499999999998 4.11 1.0135 1.9040000000000001 1.754 1.736
9.6875 15.445 19.169 4.078 1.006 1.835 1.751 1.751
9.81 15.298 19.5365 4.082 1.0092 1.976 1.7209999999999999 1.742
9.8345 15.3225 19.904 4.086 1.0092 2.039 1.73 1.787
10.104000000000001 15.347 19.2915 4.1 1.0109 1.9729999999999999 1.889 1.859
9.8345 15.273499999999999 19.2915 4.088 1.0075 1.847 1.772 1.742
9.638499999999999 14.955 20.149 4.1 1.0078 1.9489999999999998 1.7120000000000002 1.7269999999999999
9.712 15.273499999999999 20.1 4.036 1.0062 2.039 1.871 1.862
9.785499999999999 15.298 20.0755 4.02 1.0057 1.9609999999999999 1.7120000000000002 1.7329999999999999
9.859 15.494 19.879500000000004 4.104 1.0115 1.9459999999999997 1.826 1.802
10.1285 15.101999999999999 19.6835 4.106 1.0083 1.877 1.874 1.856
10.006 15.395999999999999 19.414 4.096 1.0074 2.0060000000000002 1.637 1.742
9.9325 15.395999999999999 19.438499999999998 4.15 1.0141 2.069 1.736 1.811
9.9815 15.494 19.61 4.026 1.0054 1.859 1.763 1.7329999999999999
9.908 15.3715 19.8305 4.122 1.0149 1.9729999999999999 1.742 1.7449999999999999
9.9325 15.2 20.198 4.058 1.0099 2.063 1.6880000000000002 1.784
9.9325 15.3225 19.659 4.102 1.0093 1.871 1.757 1.724
15.494 19.659 10.006 4.1579999999999995 1.0159 1.697 1.6760000000000002 1.847
9.859 15.224499999999999 19.806 4.232 1.0172 1.955 1.793 1.781
9.81 15.4695 19.340500000000002 4.1080000000000005 1.0143 1.9340000000000002 1.781 1.766
9.908 15.445 19.634500000000003 4.064 1.0094 1.9609999999999999 1.865 1.835
9.9325 15.273499999999999 19.6835 4.12 1.0092 1.967 1.79 1.781
9.736500000000001 15.248999999999999 19.855 4.1 1.0093 1.952 1.754 1.751
9.908 15.395999999999999 19.512 4.086 1.0076 2.0 1.853 1.832
9.8345 15.347 19.8305 4.202 1.0164 1.931 1.778 1.76
9.957 15.224499999999999 19.757 4.1259999999999994 1.0108 1.952 1.8860000000000001 1.856
10.0795 15.395999999999999 20.198 4.042 1.0085 1.9459999999999997 1.7329999999999999 1.7329999999999999
10.055 15.224499999999999 20.2225 4.1739999999999995 1.0133 1.9459999999999997 1.7209999999999999 1.736
9.9815 15.4695 19.7325 4.11 1.0144 2.0300000000000002 1.871 1.856
10.0305 15.248999999999999 19.6835 4.114 1.01 2.066 1.682 1.784
9.8345 15.101999999999999 20.247000000000003 4.182 1.0133 1.871 1.772 1.7389999999999999
10.055 15.543 19.806 4.0600000000000005 1.0105 2.042 1.874 1.859
9.663 15.248999999999999 19.5365 4.162 1.0164 1.9609999999999999 1.778 1.763
9.8835 15.224499999999999 20.418499999999998 4.122 1.0148 1.9580000000000002 1.796 1.781
9.8835 15.151 19.8305 4.118 1.0122 1.916 1.814 1.784
9.9815 15.347 19.9775 4.134 1.0124 1.85 1.6909999999999998 1.7269999999999999
10.055 15.248999999999999 19.757 4.246 1.0175 1.9369999999999998 1.748 1.748
9.8345 15.1755 19.953000000000003 4.114 1.0103 1.916 1.817 1.787
9.859 15.224499999999999 19.9775 4.1240000000000006 1.012 1.9729999999999999 1.814 1.79
9.8345 15.4695 19.8305 4.11 1.0102 1.9969999999999999 1.814 1.811
9.8345 15.445 19.904 4.052 1.0096 1.9699999999999998 1.772 1.76
9.761 15.592 19.5855 4.022 1.0027 1.952 1.877 1.859
10.055 15.445 19.757 4.056 1.0076 2.021 1.835 1.835
9.9815 15.2 19.708000000000002 4.1240000000000006 1.012 1.919 1.814 1.784
9.736500000000001 15.2 19.855 4.088 1.0097 1.907 1.784 1.757
9.9815 15.004 19.8305 4.118 1.0066 2.0060000000000002 1.838 1.835
9.859 15.3715 20.394000000000002 4.034 1.0061 1.964 1.814 1.787
9.9325 15.3715 20.002000000000002 4.038 1.0076 1.9699999999999998 1.8800000000000001 1.847
9.81 15.1755 19.9285 4.1419999999999995 1.0139 1.964 1.835 1.808
10.006 15.052999999999999 20.002000000000002 4.148 1.0079 1.943 1.826 1.799
10.1285 15.224499999999999 20.1245 4.176 1.0141 1.9459999999999997 1.751 1.7449999999999999
10.1285 15.5185 19.5365 4.07 1.0068 1.919 1.817 1.784
9.908 15.224499999999999 19.8305 4.176 1.0117 2.0060000000000002 1.775 1.805
9.957 15.224499999999999 19.7325 4.102 1.0077 2.003 1.649 1.748
9.9815 15.347 19.855 4.066 1.0093 1.8920000000000001 1.769 1.742
9.957 15.273499999999999 19.5365 4.11 1.0109 1.967 1.766 1.763
9.712 15.4205 19.7325 4.04 1.0071 2.066 1.799 1.832
9.957 15.543 20.026500000000002 4.046 1.0072 1.964 1.748 1.757
9.8345 15.224499999999999 19.7325 4.176 1.0133 1.889 1.769 1.7449999999999999
9.957 15.395999999999999 19.4875 4.128 1.014 1.979 1.709 1.7329999999999999
9.5405 15.4205 19.7325 4.05 1.0087 1.943 1.841 1.811
9.9325 15.494 19.6835 4.086 1.0111 1.9340000000000002 1.763 1.7449999999999999
10.0795 15.347 19.8305 4.066 1.0058 1.955 1.862 1.835
10.0305 15.494 19.340500000000002 4.046 1.0048 1.9489999999999998 1.757 1.757
9.957 15.248999999999999 20.1 4.118 1.0092 1.9219999999999997 1.757 1.7449999999999999
9.8345 15.298 19.879500000000004 4.118 1.0111 2.0300000000000002 1.724 1.784
10.006 15.298 19.61 4.148 1.0101 2.036 1.862 1.859
10.0305 15.273499999999999 19.6835 4.07 1.0078 1.9729999999999999 1.811 1.79
9.761 15.101999999999999 19.8305 4.122 1.0102 1.8860000000000001 1.784 1.751
10.0795 15.395999999999999 20.0755 4.134 1.0133 1.8800000000000001 1.787 1.757
10.104000000000001 15.5185 20.1245 4.046 1.0050000000000001 1.928 1.763 1.754
9.81 15.248999999999999 19.9285 4.134 1.0136 1.94 1.751 1.748
10.0305 15.224499999999999 19.9285 4.17 1.0165 1.9340000000000002 1.757 1.742
10.0795 15.298 19.4875 4.184 1.0126 2.027 1.7269999999999999 1.787
10.006 15.3715 19.9285 4.11 1.012 2.051 1.826 1.832
9.8835 15.273499999999999 19.855 4.16 1.0112 1.94 1.742 1.79
9.8345 15.3715 19.7815 4.078 1.0085 1.976 1.697 1.724
9.736500000000001 14.955 20.0755 4.106 1.0106 1.865 1.82 1.787
9.8835 15.298 19.904 4.0600000000000005 1.0082 1.862 1.784 1.748
9.859 15.4695 19.7325 4.106 1.014 1.9699999999999998 1.838 1.811
9.8345 15.3715 19.659 4.096 1.0095 1.8800000000000001 1.79 1.76
9.638499999999999 15.224499999999999 20.149 4.116 1.0131000000000001 1.823 1.751 1.724
9.8835 15.273499999999999 20.1245 4.026 1.0085 1.9939999999999998 1.7209999999999999 1.736
9.8835 15.347 19.61 4.2 1.0197 1.9459999999999997 1.754 1.7449999999999999
9.8835 15.445 19.561 4.02 1.0087 1.94 1.832 1.805
9.9325 15.592 19.757 4.056 1.0107 2.06 1.769 1.811
9.9815 15.4205 19.4875 4.188 1.0181 1.895 1.7449999999999999 1.7209999999999999
9.9325 15.445 19.659 4.122 1.0126 1.9100000000000001 1.784 1.763
9.785499999999999 15.445 19.2425 4.16 1.0196 2.012 1.868 1.85
9.9815 15.224499999999999 19.9285 4.11 1.0063 1.781 1.772 1.787
9.9325 15.0285 19.9775 4.12 1.0098 1.976 1.7000000000000002 1.7269999999999999
9.859 15.2 19.7815 4.096 1.0073 1.9820000000000002 1.718 1.778
9.736500000000001 15.2 19.953000000000003 4.152 1.0121 1.895 1.799 1.787
9.859 15.347 19.806 4.056 1.0088 1.9580000000000002 1.778 1.763
9.859 15.4205 19.2425 4.132 1.0137 1.901 1.844 1.811
9.81 15.273499999999999 19.7325 4.08 1.0089 1.964 1.757 1.757
10.104000000000001 15.6655 19.855 4.056 1.009 1.9489999999999998 1.775 1.766
15.4695 19.8305 9.736500000000001 4.08 1.006 1.673 1.6640000000000001 1.802
10.055 15.298 19.953000000000003 4.178 1.0142 2.033 1.73 1.787
9.8345 15.3715 19.708000000000002 4.062 1.0050000000000001 1.943 1.7389999999999999 1.742
9.908 15.224499999999999 19.659 4.154 1.0107 1.931 1.742 1.742
9.908 15.347 19.2425 4.16 1.0168 1.991 1.772 1.784
9.859 15.101999999999999 20.0755 4.064 1.0071 1.9249999999999998 1.772 1.7449999999999999
10.104000000000001 15.298 19.879500000000004 4.132 1.011 1.9489999999999998 1.772 1.76
9.736500000000001 15.543 19.561 4.008 1.0086 1.928 1.751 1.7329999999999999
10.0305 15.347 19.561 4.074 1.0085 1.988 1.751 1.751
9.9815 15.3225 19.7815 4.18 1.0158 1.964 1.76 1.76
9.785499999999999 15.126499999999998 20.173500000000004 4.156 1.0156 1.991 1.7389999999999999 1.748
9.785499999999999 15.126499999999998 19.879500000000004 4.05 1.0087 1.9040000000000001 1.811 1.784
9.859 15.298 19.340500000000002 4.056 1.0065 1.964 1.73 1.742
9.9815 15.126499999999998 20.0755 4.176 1.0151000000000001 1.964 1.7449999999999999 1.7449999999999999
10.006 15.543 20.1 4.184 1.0170000000000001 1.919 1.748 1.7329999999999999
9.957 15.4205 19.4875 4.0920000000000005 1.0083 1.9129999999999998 1.769 1.748
9.908 15.273499999999999 19.7325 4.0920000000000005 1.0102 1.868 1.835 1.814
10.153 15.298 19.757 4.178 1.0156 1.928 1.835 1.802
9.859 15.347 19.708000000000002 4.086 1.0093 1.9699999999999998 1.76 1.757
9.761 15.248999999999999 19.855 4.084 1.0091 1.9100000000000001 1.79 1.76
9.81 15.347 19.4875 4.054 1.0062 1.928 1.844 1.808
9.859 15.248999999999999 19.634500000000003 4.098 1.0096 1.979 1.835 1.811
10.006 15.248999999999999 20.1 4.078 1.0052 1.9249999999999998 1.769 1.763
9.8835 15.395999999999999 19.5365 4.156 1.0170000000000001 1.967 1.802 1.787
9.957 14.955 19.61 4.224 1.0127 1.847 1.799 1.778
9.8345 15.224499999999999 19.9775 4.162 1.0133 2.0300000000000002 1.769 1.799
10.104000000000001 15.6655 19.757 4.056 1.0116 1.988 1.73 1.742
9.9815 15.641 19.7815 4.1240000000000006 1.0159 1.9100000000000001 1.757 1.736
9.908 15.3715 19.634500000000003 4.188 1.0189 1.928 1.766 1.751
9.8345 15.395999999999999 20.002000000000002 4.002 1.0068 1.9489999999999998 1.808 1.784
9.8835 14.979499999999998 20.149 4.186 1.0154 2.0780000000000003 1.832 1.847
9.81 15.248999999999999 19.5855 4.08 1.0077 1.907 1.724 1.742
10.0795 14.905999999999999 19.634500000000003 4.218 1.0114 1.964 1.76 1.757
10.0305 15.347 19.904 4.098 1.0122 1.979 1.751 1.754
9.9815 15.4205 19.7815 4.122 1.0106 1.964 1.871 1.847
9.908 15.494 19.953000000000003 4.04 1.0063 1.8860000000000001 1.757 1.754
9.908 15.494 19.6835 4.0600000000000005 1.0098 1.9249999999999998 1.808 1.781
9.9325 15.2 19.904 4.074 1.0061 2.012 1.7209999999999999 1.76
9.957 15.273499999999999 19.953000000000003 4.13 1.012 2.042 1.718 1.784
10.055 15.248999999999999 19.9285 4.0600000000000005 1.0045 1.8980000000000001 1.817 1.784
9.957 15.298 19.8305 4.102 1.0088 1.9699999999999998 1.811 1.79
10.0795 15.298 19.904 4.11 1.0116 1.931 1.787 1.763
9.9815 15.4205 19.5855 4.138 1.0148 2.015 1.8800000000000001 1.859
9.8835 15.5185 19.316 4.052 1.0097 1.979 1.874 1.847
10.0305 15.3715 19.438499999999998 4.05 1.0121 1.919 1.769 1.7389999999999999
9.9325 15.445 19.5365 4.116 1.0123 1.94 1.805 1.787
9.908 15.224499999999999 19.879500000000004 4.12 1.0107 2.012 1.772 1.784
9.908 15.3225 19.5855 4.078 1.0107 1.9369999999999998 1.808 1.784
9.859 15.395999999999999 19.7325 4.096 1.0091 1.916 1.775 1.751
9.957 15.3225 19.9775 4.08 1.0095 2.0540000000000003 1.85 1.85
9.908 15.298 20.173500000000004 4.104 1.0172 1.9820000000000002 1.793 1.784
9.957 15.2 19.9285 4.14 1.0048 1.862 1.877 1.859
9.908 15.347 19.7815 4.0920000000000005 1.0113 1.9580000000000002 1.811 1.79
9.9325 15.4205 19.708000000000002 4.038 1.0069 1.874 1.82 1.787
9.9815 15.4205 19.659 4.0120000000000005 1.0064 2.015 1.7149999999999999 1.763
10.0795 15.3225 19.855 4.13 1.0115 1.976 1.7389999999999999 1.7449999999999999
10.006 15.248999999999999 19.659 4.1899999999999995 1.0125 2.0 1.799 1.802
9.9815 15.395999999999999 19.806 4.146 1.0136 2.039 1.778 1.814
10.0795 15.347 20.002000000000002 4.152 1.0150000000000001 1.952 1.757 1.754
10.0305 15.4205 19.5855 4.088 1.0137 2.06 1.697 1.79
9.9325 15.347 19.61 4.0600000000000005 1.0064 1.9609999999999999 1.697 1.7209999999999999
9.9815 15.3715 19.757 4.096 1.01 1.829 1.8920000000000001 1.859
9.908 15.543 19.634500000000003 4.056 1.011 1.931 1.811 1.787
10.055 15.4695 19.708000000000002 4.074 1.0082 1.9040000000000001 1.79 1.763
9.81 15.273499999999999 19.512 4.15 1.0170000000000001 2.024 1.6189999999999998 1.742
9.81 15.151 19.708000000000002 4.146 1.0112 1.9609999999999999 1.796 1.784
9.6875 15.494 19.659 4.1 1.011 2.039 1.7149999999999999 1.787
9.9815 15.298 19.61 4.098 1.0083 2.066 1.826 1.832
10.055 15.347 19.4875 4.116 1.0091 1.862 1.778 1.748
10.006 15.0775 19.9285 4.176 1.0119 2.0540000000000003 1.874 1.859
9.8835 15.0775 20.1 4.128 1.0103 2.015 1.769 1.784
10.153 15.347 20.149 4.1 1.0071 1.9969999999999999 1.7149999999999999 1.76
9.8345 15.4205 19.855 4.04 1.0051 2.0 1.7209999999999999 1.784
9.9325 15.248999999999999 19.5365 4.11 1.0117 1.955 1.73 1.736
9.9325 15.1755 20.026500000000002 4.182 1.0141 1.9040000000000001 1.754 1.736
9.8345 15.347 19.512 4.136 1.0144 1.952 1.829 1.805
9.81 15.298 20.002000000000002 4.036 1.0064 1.8920000000000001 1.832 1.805
10.055 15.248999999999999 19.7815 4.074 1.0058 1.877 1.862 1.835
10.0305 15.273499999999999 19.9285 4.172 1.0167 1.9219999999999997 1.775 1.754
10.006 15.3225 20.1245 4.054 1.0074 2.039 1.7329999999999999 1.784
9.908 15.224499999999999 19.904 4.136 1.0139 2.009 1.811 1.808
9.9815 15.6165 19.6835 4.03 1.0087 2.045 1.706 1.784
9.908 15.4205 19.7815 4.056 1.0059 1.9249999999999998 1.7149999999999999 1.736
9.9325 15.3715 19.512 4.194 1.0196 1.9699999999999998 1.7269999999999999 1.742
9.81 15.3225 19.9775 4.188 1.0164 1.9609999999999999 1.7269999999999999 1.7449999999999999
10.055 15.273499999999999 19.9775 4.144 1.0126 1.967 1.766 1.757
10.0795 15.3715 19.7815 4.04 1.0122 2.024 1.763 1.781
9.761 15.298 19.806 4.21 1.0168 1.955 1.799 1.781
9.859 15.347 19.6835 4.078 1.0122 2.024 1.589 1.748
9.908 15.224499999999999 19.438499999999998 4.094 1.0103 1.877 1.835 1.811
9.9815 15.3715 19.6835 4.0920000000000005 1.0078 1.9129999999999998 1.787 1.76
9.761 15.4695 19.757 4.114 1.0124 1.9969999999999999 1.865 1.847
9.957 15.4205 19.561 4.168 1.0194 1.919 1.874 1.85
9.9815 15.4695 19.5365 4.178 1.0186 1.895 1.757 1.7329999999999999
9.8835 15.4205 19.904 4.04 1.006 1.847 1.76 1.757
9.785499999999999 15.347 19.806 4.1739999999999995 1.016 2.021 1.859 1.85
9.8835 15.1755 19.855 4.212 1.0175 1.967 1.6760000000000002 1.7269999999999999
9.9815 15.3715 20.149 4.042 1.006 1.85 1.769 1.7329999999999999
10.006 15.494 20.002000000000002 4.02 1.0061 2.018 1.775 1.79
9.957 15.4695 19.5855 4.07 1.0058 1.9939999999999998 1.877 1.856
9.8345 15.0285 20.2225 4.066 1.0052 1.9100000000000001 1.754 1.7329999999999999
9.957 15.224499999999999 19.634500000000003 4.0760000000000005 1.0062 1.8800000000000001 1.838 1.811
9.8835 15.592 19.5855 4.066 1.0107 1.8800000000000001 1.757 1.724
9.516 15.298 19.8305 4.134 1.0156 1.919 1.772 1.751
10.104000000000001 15.0285 19.806 4.1419999999999995 1.0088 2.045 1.832 1.832
9.8345 15.101999999999999 20.1245 4.08 1.0025 1.943 1.7449999999999999 1.748
10.055 15.2 19.879500000000004 4.1259999999999994 1.0087 1.9219999999999997 1.814 1.787
9.8835 15.273499999999999 19.365 4.052 1.0041 1.928 1.757 1.754
10.006 15.2 19.708000000000002 4.162 1.0136 1.9699999999999998 1.805 1.79
9.785499999999999 15.1755 19.438499999999998 4.134 1.0118 1.9369999999999998 1.757 1.7389999999999999
9.81 15.1755 20.296000000000003 4.004 1.0082 2.069 1.835 1.835
9.81 15.395999999999999 20.0755 4.042 1.0065 1.928 1.781 1.763
9.908 15.395999999999999 19.5365 4.128 1.0108 1.85 1.76 1.7329999999999999
9.8835 15.714500000000001 19.438499999999998 4.106 1.0134 2.045 1.79 1.811
9.9325 15.3225 19.61 4.148 1.0150000000000001 1.976 1.802 1.784
9.8345 15.445 19.879500000000004 4.038 1.0065 1.964 1.874 1.862
9.9325 15.224499999999999 19.8305 4.078 1.0056 1.889 1.781 1.757
9.81 15.298 20.0755 4.042 1.0082 1.943 1.754 1.754
9.81 15.2 19.806 4.148 1.0124 2.015 1.769 1.784
10.1285 15.3715 19.806 4.232 1.0166 1.955 1.769 1.757
9.9815 15.2 20.149 4.17 1.0141 1.9459999999999997 1.769 1.754
10.006 15.395999999999999 19.4875 4.058 1.0078 1.9729999999999999 1.73 1.742
9.8835 15.224499999999999 19.61 4.122 1.0079 1.907 1.766 1.7449999999999999
9.8345 15.273499999999999 19.8305 4.062 1.0069 1.94 1.832 1.802
9.8835 15.3225 19.463 4.082 1.0102 1.9219999999999997 1.784 1.757
9.761 15.248999999999999 19.634500000000003 4.134 1.0136 2.081 1.835 1.85
9.8835 15.248999999999999 19.6835 4.1080000000000005 1.0103 1.9820000000000002 1.865 1.835
10.055 15.101999999999999 19.6835 4.118 1.007 1.916 1.838 1.808
9.8835 15.151 19.61 4.106 1.0116 1.9820000000000002 1.877 1.847
9.859 15.1755 19.7325 4.122 1.0101 1.9609999999999999 1.826 1.805
9.9815 15.101999999999999 20.1 4.1579999999999995 1.0103 1.9969999999999999 1.82 1.811
10.055 15.3715 20.051000000000002 4.128 1.0131000000000001 1.964 1.748 1.748
9.908 15.2 19.879500000000004 4.162 1.0136 1.883 1.775 1.742
9.9815 15.395999999999999 19.6835 4.086 1.0111 1.8980000000000001 1.82 1.787
9.9325 15.3225 19.5365 4.156 1.0133 2.072 1.793 1.832
10.0795 15.445 19.512 4.192 1.0174 1.9459999999999997 1.838 1.811
9.9815 15.4205 19.904 4.1080000000000005 1.0130000000000001 2.021 1.601 1.7389999999999999
9.8835 15.298 19.6835 4.098 1.0108 1.9129999999999998 1.811 1.784
9.81 15.224499999999999 19.855 4.182 1.0162 2.0780000000000003 1.7149999999999999 1.811
9.8835 15.4205 19.9285 4.104 1.0144 2.045 1.751 1.793
9.908 15.1755 19.7815 4.17 1.011 1.94 1.832 1.811
10.055 15.273499999999999 19.904 4.096 1.0066 1.943 1.862 1.832
9.957 15.298 19.61 4.072 1.0078 1.868 1.82 1.79
9.6875 15.543 19.7325 4.04 1.0071 1.895 1.787 1.76
10.055 15.052999999999999 19.757 4.176 1.0123 1.9699999999999998 1.7209999999999999 1.7329999999999999
9.8835 15.494 19.708000000000002 4.17 1.018 1.889 1.817 1.787
9.908 15.2 19.9775 4.11 1.0104 1.919 1.769 1.748
9.9325 15.3715 19.757 4.062 1.0076 2.0060000000000002 1.7209999999999999 1.766
10.055 15.543 19.953000000000003 4.02 1.0073 1.928 1.841 1.811
9.9325 15.5675 19.7325 4.052 1.0056 1.868 1.889 1.859
9.908 15.101999999999999 20.198 4.178 1.016 1.979 1.754 1.763
9.908 15.4205 19.9285 4.178 1.0172 1.9459999999999997 1.769 1.763
10.0795 15.273499999999999 20.026500000000002 4.178 1.0148 2.0060000000000002 1.814 1.808
9.761 15.273499999999999 19.8305 4.078 1.0108 1.9580000000000002 1.781 1.763
9.736500000000001 15.395999999999999 20.026500000000002 4.082 1.0094 1.877 1.811 1.778
9.8835 15.5185 19.5365 4.07 1.0064 1.9100000000000001 1.805 1.787
9.81 15.347 19.316 4.148 1.0124 1.9609999999999999 1.718 1.7389999999999999
9.8345 15.248999999999999 19.7325 4.16 1.0166 1.919 1.82 1.787
15.494 19.5855 10.055 4.17 1.0188 1.8920000000000001 1.763 1.802
9.8835 15.2 19.757 4.146 1.0105 1.907 1.766 1.748
10.055 15.224499999999999 20.1 4.138 1.0136 1.9849999999999999 1.805 1.784
9.859 15.445 19.953000000000003 4.196 1.0178 2.015 1.838 1.835
9.9815 15.248999999999999 19.9775 4.146 1.0116 1.9699999999999998 1.697 1.7329999999999999
10.006 15.543 19.879500000000004 4.02 1.0079 1.8860000000000001 1.766 1.7329999999999999
9.8345 15.347 19.634500000000003 4.202 1.016 1.907 1.841 1.811
9.859 15.298 19.561 4.088 1.0083 1.952 1.7449999999999999 1.7449999999999999
9.9815 15.1755 20.2225 4.18 1.0130000000000001 1.8800000000000001 1.7449999999999999 1.7209999999999999
9.9325 15.347 19.904 4.024 1.0085 1.916 1.778 1.748
9.9815 15.248999999999999 19.7815 4.128 1.0099 2.039 1.862 1.85
9.785499999999999 15.5185 19.4875 4.064 1.0119 1.931 1.769 1.748
9.736500000000001 15.4205 19.218 4.066 1.0085 1.955 1.718 1.736
10.0795 15.273499999999999 20.0755 4.072 1.0074 1.9820000000000002 1.7149999999999999 1.7329999999999999
9.736500000000001 15.5675 19.61 4.1240000000000006 1.0136 1.919 1.7329999999999999 1.7209999999999999
10.1285 15.3715 20.149 4.088 1.0085 1.979 1.772 1.76
10.0305 15.298 19.659 4.128 1.0093 2.024 1.835 1.832
9.957 15.347 20.442999999999998 4.034 1.0079 2.018 1.781 1.79
9.9325 15.1755 19.708000000000002 4.11 1.0097 1.964 1.808 1.784
9.9325 15.273499999999999 20.173500000000004 4.034 1.0085 1.976 1.7269999999999999 1.7449999999999999
9.9325 15.4205 19.9775 4.04 1.0085 1.9219999999999997 1.811 1.778
9.8345 15.395999999999999 19.806 4.018 1.0069 1.9729999999999999 1.694 1.7209999999999999
10.055 15.1755 20.1 4.184 1.0107 1.928 1.787 1.811
9.9325 15.395999999999999 19.634500000000003 4.152 1.0124 1.9129999999999998 1.817 1.79
9.9325 15.347 19.806 4.15 1.0149 2.084 1.799 1.832
9.8345 15.248999999999999 19.5365 4.1240000000000006 1.0108 1.9340000000000002 1.7149999999999999 1.7329999999999999
10.0795 15.445 20.026500000000002 4.04 1.0088 1.943 1.814 1.784
9.859 15.395999999999999 20.198 4.036 1.0087 1.9129999999999998 1.883 1.859
9.9815 15.494 19.879500000000004 4.0120000000000005 1.0047 1.9489999999999998 1.7329999999999999 1.7329999999999999
9.785499999999999 15.4205 19.708000000000002 4.056 1.0065 1.9249999999999998 1.769 1.76
10.0795 15.224499999999999 19.4875 4.232 1.0182 1.9489999999999998 1.889 1.859
9.8835 15.3225 19.2915 4.13 1.0111 1.9489999999999998 1.8920000000000001 1.859
9.908 15.2 19.904 4.1080000000000005 1.0095 2.0 1.772 1.787
10.006 15.5185 19.561 4.068 1.0109 2.093 1.832 1.844
9.957 15.1755 19.855 4.102 1.0081 1.964 1.748 1.757
9.9325 15.3715 20.026500000000002 4.014 1.0058 1.955 1.718 1.736
9.908 15.298 19.561 4.098 1.0098 1.928 1.781 1.757
9.859 15.298 20.051000000000002 4.186 1.0172 1.9969999999999999 1.6429999999999998 1.7389999999999999
9.9815 15.4205 19.463 4.074 1.0094 1.976 1.7030000000000003 1.724
9.81 15.298 19.7815 4.114 1.0105 1.895 1.718 1.736
10.104000000000001 15.3715 19.904 4.086 1.0083 1.9129999999999998 1.7329999999999999 1.724
10.006 15.592 19.855 4.048 1.0104 1.871 1.82 1.79
9.81 15.273499999999999 20.173500000000004 4.146 1.0114 1.9849999999999999 1.766 1.781
9.957 15.3225 19.879500000000004 4.1259999999999994 1.0122 1.964 1.841 1.808
9.785499999999999 15.248999999999999 20.026500000000002 4.1259999999999994 1.0143 1.928 1.76 1.742
10.0305 15.101999999999999 19.953000000000003 4.1739999999999995 1.0109 1.9100000000000001 1.751 1.7329999999999999
9.6875 15.494 19.463 4.068 1.0048 1.868 1.742 1.748
9.9325 15.5185 19.9285 4.054 1.0109 2.018 1.778 1.787
9.785499999999999 15.347 20.149 4.156 1.012 1.856 1.787 1.757
9.9815 15.224499999999999 19.855 4.184 1.0109 1.988 1.706 1.757
9.9325 15.4205 20.051000000000002 4.01 1.0096 1.9219999999999997 1.766 1.742
10.006 15.298 19.561 4.1739999999999995 1.0127 1.9939999999999998 1.814 1.805
9.8835 15.298 19.9285 4.136 1.0132 1.9129999999999998 1.7389999999999999 1.724
9.81 15.248999999999999 19.365 4.13 1.0123 1.9609999999999999 1.697 1.7269999999999999
9.9325 15.248999999999999 19.3895 4.104 1.0112 1.9219999999999997 1.835 1.805
15.592 19.8305 9.761 4.098 1.0138 1.694 1.673 1.85
9.9815 15.5675 19.61 4.064 1.009 1.9580000000000002 1.742 1.748
9.859 15.347 19.7815 4.056 1.0053 1.8980000000000001 1.826 1.802
9.9325 15.395999999999999 19.7325 4.042 1.0064 1.862 1.82 1.79
9.785499999999999 15.004 20.2225 4.182 1.0114 1.907 1.7449999999999999 1.7329999999999999
10.055 15.4205 20.026500000000002 4.0920000000000005 1.0112 2.015 1.706 1.76
9.8835 15.3715 19.61 4.2059999999999995 1.0165 1.907 1.871 1.847
9.81 15.347 20.1 4.046 1.0065 1.9369999999999998 1.784 1.76
9.81 15.224499999999999 19.3895 4.078 1.0085 1.955 1.7449999999999999 1.748
9.9325 15.347 19.561 4.056 1.0042 1.814 1.823 1.835
9.9325 15.347 19.708000000000002 4.094 1.0125 1.9820000000000002 1.799 1.787
10.006 15.395999999999999 19.5365 4.042 1.006 1.9100000000000001 1.772 1.7449999999999999
9.8835 15.2 19.8305 4.122 1.0107 1.832 1.742 1.748
9.957 15.395999999999999 19.9285 4.098 1.0098 1.8920000000000001 1.766 1.742
9.785499999999999 15.273499999999999 19.879500000000004 4.128 1.0139 1.928 1.835 1.805
10.055 15.5185 19.5365 4.07 1.0065 1.8800000000000001 1.742 1.724
10.1285 15.273499999999999 20.149 4.118 1.0102 1.9249999999999998 1.748 1.7329999999999999
9.785499999999999 15.248999999999999 19.340500000000002 4.138 1.0167 2.015 1.853 1.832
10.006 15.4205 20.296000000000003 4.114 1.0148 2.087 1.7149999999999999 1.808
9.8835 15.494 19.953000000000003 4.03 1.0049 1.9939999999999998 1.658 1.748
9.761 15.101999999999999 20.418499999999998 4.154 1.0097 1.9129999999999998 1.877 1.85
15.5675 19.8305 9.712 4.0440000000000005 1.0098 1.7389999999999999 1.883 1.862
9.859 15.298 19.7815 4.062 1.0087 1.883 1.823 1.79
10.0305 15.273499999999999 20.0755 4.184 1.0132 1.931 1.763 1.757
9.957 15.347 19.463 4.208 1.0176 1.901 1.736 1.724
9.9325 15.298 19.659 4.086 1.0116 1.9849999999999999 1.7149999999999999 1.7389999999999999
10.006 15.2 19.7815 4.15 1.0151000000000001 1.9849999999999999 1.7269999999999999 1.7449999999999999
9.712 15.248999999999999 20.1245 4.034 1.0088 1.916 1.79 1.757
10.0795 15.445 19.757 4.084 1.0103 1.868 1.811 1.781
9.908 15.395999999999999 19.5855 4.208 1.0169 1.919 1.724 1.724
10.0795 15.4695 20.026500000000002 4.12 1.0138 1.976 1.7329999999999999 1.748
9.785499999999999 15.395999999999999 19.8305 4.1080000000000005 1.012 1.9129999999999998 1.736 1.724
10.153 15.248999999999999 20.1 4.082 1.0067 1.9369999999999998 1.754 1.7389999999999999
9.9325 15.126499999999998 20.0755 4.13 1.0129 1.9459999999999997 1.841 1.811
9.9325 15.4205 19.7325 4.098 1.0159 1.991 1.697 1.7269999999999999
10.0305 15.5675 19.7325 4.066 1.0079 1.865 1.778 1.748
10.0795 15.4205 20.002000000000002 4.084 1.0123 1.9699999999999998 1.694 1.7269999999999999
9.81 15.3715 19.708000000000002 4.054 1.0054 1.9369999999999998 1.757 1.754
9.736500000000001 15.273499999999999 20.247000000000003 4.0920000000000005 1.0147 1.979 1.7329999999999999 1.7449999999999999
10.006 15.3715 19.953000000000003 4.042 1.0048 2.0060000000000002 1.7449999999999999 1.787
10.1285 15.298 19.855 4.068 1.0071 1.9580000000000002 1.814 1.79
10.006 15.1755 19.659 4.114 1.0119 2.0540000000000003 1.742 1.79
9.859 15.4205 19.634500000000003 4.144 1.0122 2.057 1.859 1.859
9.908 15.3715 19.9285 4.034 1.0077 1.9369999999999998 1.877 1.847
9.8835 15.6165 19.5855 4.064 1.0111 1.9489999999999998 1.79 1.763
9.9325 15.3715 20.1 4.09 1.0104 1.9040000000000001 1.772 1.7449999999999999
9.957 15.3225 19.7815 4.208 1.0203 1.952 1.748 1.7449999999999999
9.8835 15.3715 19.708000000000002 4.0440000000000005 1.0065 2.027 1.7269999999999999 1.784
9.908 15.5675 19.5855 4.164 1.0186 1.967 1.67 1.724
9.957 15.347 19.414 4.08 1.0112 2.057 1.769 1.802
10.0305 15.4205 20.051000000000002 4.116 1.0113 1.9580000000000002 1.7030000000000003 1.724
9.9325 15.273499999999999 19.659 4.084 1.0068 1.9969999999999999 1.79 1.811
9.761 15.101999999999999 19.634500000000003 4.18 1.0129 1.967 1.832 1.811
9.9815 15.3715 19.3895 4.184 1.0185 2.021 1.793 1.814
9.8835 15.4205 19.904 4.052 1.0119 1.928 1.796 1.76
9.859 15.347 19.806 4.086 1.0081 2.042 1.862 1.859
9.957 15.347 19.8305 4.16 1.0132 1.883 1.814 1.787
9.9815 15.6655 20.051000000000002 4.036 1.0067 1.9040000000000001 1.802 1.784
9.957 15.2 19.634500000000003 4.12 1.0104 1.9100000000000001 1.811 1.781
9.957 15.248999999999999 19.659 4.166 1.0136 1.9609999999999999 1.7449999999999999 1.748
10.1285 15.4695 19.806 4.09 1.0118 1.9369999999999998 1.73 1.7269999999999999
9.957 15.592 19.3895 4.098 1.0150000000000001 1.916 1.751 1.7329999999999999
9.761 15.273499999999999 19.316 4.13 1.0119 1.9129999999999998 1.862 1.832
9.908 15.4695 19.806 4.116 1.0151000000000001 1.9249999999999998 1.76 1.742
9.8345 15.151 19.6835 4.0760000000000005 1.0064 2.009 1.7149999999999999 1.763
10.055 15.248999999999999 19.8305 4.1579999999999995 1.0118 2.024 1.859 1.847
9.859 15.5185 19.6835 4.074 1.0104 1.976 1.748 1.757
9.908 15.101999999999999 20.173500000000004 4.168 1.012 2.0060000000000002 1.874 1.859
9.8835 15.445 19.8305 4.18 1.0176 1.94 1.751 1.748
9.859 15.347 20.418499999999998 4.104 1.0107 2.075 1.802 1.832
9.785499999999999 15.3225 19.757 4.188 1.0168 1.964 1.7120000000000002 1.7449999999999999
9.9325 15.395999999999999 20.002000000000002 4.1080000000000005 1.0133 2.0300000000000002 1.808 1.811
9.8345 15.395999999999999 20.149 4.024 1.0068 1.9580000000000002 1.697 1.7209999999999999
9.81 15.543 19.340500000000002 4.122 1.0124 1.952 1.7269999999999999 1.742
9.8835 15.494 19.757 4.106 1.0131000000000001 1.931 1.799 1.778
10.006 15.395999999999999 19.6835 4.042 1.0057 2.039 1.709 1.778
9.81 15.298 19.659 4.0760000000000005 1.0078 1.8800000000000001 1.781 1.751
9.908 15.494 20.026500000000002 4.018 1.004 1.988 1.802 1.805
