[431.2222222222222 -211.1111111111111 -211.11111111111111 11.421582969714217 -7.847562082926881 -3.574020886787335 4.999999999999999 -0.5555555555555554 -4.444444444444445; -211.1111111111111 431.2222222222222 -211.11111111111111 -3.574020886787335 11.421582969714215 -7.847562082926881 -8.333333333333332 4.444444444444445 3.888888888888889; -211.11111111111111 -211.11111111111111 431.2222222222222 -7.84756208292688 -3.574020886787335 11.421582969714215 3.3333333333333335 -3.888888888888889 0.5555555555555554; 11.421582969714217 -3.574020886787335 -7.84756208292688 0.5733848633873415 -0.16169243169367079 -0.16169243169367076 0.09589402415059359 0.01308700396182041 -0.108981028112414; -7.847562082926881 11.421582969714215 -3.574020886787335 -0.16169243169367079 0.5733848633873415 -0.16169243169367079 -0.23104906018664842 0.108981028112414 0.12206803207423443; -3.574020886787335 -7.847562082926881 11.421582969714215 -0.16169243169367076 -0.16169243169367079 0.5733848633873415 0.13515503603605483 -0.12206803207423442 -0.013087003961820408; 4.999999999999999 -8.333333333333332 3.3333333333333335 0.09589402415059359 -0.23104906018664842 0.13515503603605483 1.1666666666666665 -0.08333333333333334 -0.08333333333333334; -0.5555555555555554 4.444444444444445 -3.888888888888889 0.01308700396182041 0.108981028112414 -0.12206803207423442 -0.08333333333333334 1.0555555555555554 0.027777777777777776; -4.444444444444445 3.888888888888889 0.5555555555555554 -0.108981028112414 0.12206803207423443 -0.013087003961820408 -0.08333333333333334 0.027777777777777776 1.0555555555555554]
